2014年12月8日	4,877.72	4,780.09	4,910.74	4,752.79	12.20K	1.36%
2014年12月9日	4,840.90	4,857.79	5,100.08	4,811.97	18.81K	-0.75%
2014年12月10日	5,046.37	4,867.61	5,047.45	4,867.61	12.83K	4.24%
2014年12月11日	5,026.07	5,037.11	5,070.36	4,954.06	12.51K	-0.40%
2014年12月12日	5,041.48	5,040.28	5,060.33	5,002.51	9.13K	0.31%
2014年12月15日	5,104.00	5,014.87	5,109.44	4,998.75	8.74K	1.24%
2014年12月16日	5,045.24	5,091.43	5,112.84	5,008.46	8.32K	-1.15%
2014年12月17日	4,958.90	5,035.07	5,036.98	4,910.11	9.14K	-1.71%
2014年12月18日	4,983.18	4,957.32	5,005.04	4,949.88	7.34K	0.49%
2014年12月19日	4,977.88	4,980.29	4,987.11	4,886.85	8.70K	-0.11%
2014年12月22日	4,963.44	4,983.57	4,983.57	4,868.00	11.95K	-0.29%
2014年12月23日	4,948.46	4,950.24	5,027.10	4,927.03	8.91K	-0.30%
2014年12月24日	4,944.52	4,956.17	4,985.77	4,900.53	8.91K	-0.08%
2014年12月25日	4,992.20	4,948.33	4,994.11	4,934.60	6.84K	0.96%
2014年12月26日	5,030.34	4,989.24	5,036.64	4,946.91	7.86K	0.76%
2014年12月29日	5,030.91	5,041.28	5,074.34	4,975.63	11.00K	0.01%
2014年12月30日	4,985.28	5,021.69	5,041.03	4,963.27	7.65K	-0.91%
2014年12月31日	5,044.88	4,977.89	5,057.61	4,961.19	7.02K	1.20%
2015年1月5日	5,240.09	5,061.47	5,258.96	5,051.18	10.99K	3.87%
2015年1月6日	5,290.00	5,191.12	5,298.99	5,172.59	10.49K	0.95%
2015年1月7日	5,227.38	5,263.70	5,281.46	5,173.35	8.34K	-1.18%
2015年1月8日	5,210.62	5,232.83	5,282.22	5,197.61	8.93K	-0.32%
2015年1月9日	5,137.56	5,196.67	5,271.30	5,134.49	8.98K	-1.40%
2015年1月12日	5,114.43	5,116.74	5,151.64	5,057.01	7.50K	-0.45%
2015年1月13日	5,130.24	5,115.28	5,155.29	5,096.29	5.32K	0.31%
2015年1月14日	5,064.55	5,131.02	5,142.79	5,036.45	5.08K	-1.28%
2015年1月15日	5,113.41	5,066.88	5,114.55	5,039.68	4.69K	0.96%
2015年1月16日	5,144.32	5,118.08	5,150.78	5,106.57	6.47K	0.60%
2015年1月19日	4,891.02	4,998.43	5,098.67	4,835.82	9.08K	-4.92%
2015年1月20日	5,018.85	4,929.56	5,028.66	4,929.56	6.88K	2.61%
2015年1月21日	5,139.10	5,028.87	5,140.42	5,025.58	7.97K	2.40%
2015年1月22日	5,154.46	5,147.59	5,178.74	5,113.32	7.19K	0.30%
2015年1月23日	5,133.17	5,149.40	5,182.47	5,106.46	7.34K	-0.41%
2015年1月26日	5,248.79	5,135.93	5,254.14	5,133.44	7.59K	2.25%
2015年1月27日	5,216.27	5,254.54	5,262.54	5,143.41	7.56K	-0.62%
2015年1月28日	5,163.60	5,204.84	5,227.66	5,151.31	6.73K	-1.01%
2015年1月29日	5,102.83	5,106.72	5,136.66	5,068.62	5.32K	-1.18%
2015年1月30日	5,081.36	5,118.44	5,156.19	5,063.46	5.22K	-0.42%
2015年2月2日	5,010.03	5,037.15	5,066.11	5,001.14	6.48K	-1.40%
2015年2月3日	5,075.13	5,043.85	5,075.59	5,005.61	5.43K	1.30%
2015年2月4日	5,024.41	5,084.56	5,107.02	5,019.61	4.83K	-1.00%
2015年2月5日	4,963.09	5,077.28	5,091.25	4,961.67	5.55K	-1.22%
2015年2月6日	4,938.17	4,972.94	5,010.50	4,910.25	4.96K	-0.50%
2015年2月9日	4,996.08	4,949.57	5,021.01	4,944.96	3.85K	1.17%
2015年2月10日	5,027.55	4,997.02	5,030.92	4,993.73	3.78K	0.63%
2015年2月11日	5,103.77	5,034.18	5,106.15	5,031.03	5.78K	1.52%
2015年2月12日	5,144.98	5,113.26	5,147.74	5,092.87	6.80K	0.81%
2015年2月13日	5,211.02	5,169.43	5,258.51	5,167.76	7.64K	1.28%
2015年2月16日	5,287.78	5,236.44	5,288.95	5,234.06	7.07K	1.47%
2015年2月17日	5,290.11	5,296.24	5,318.08	5,282.86	6.45K	0.04%
2015年2月25日	5,292.62	5,301.93	5,314.13	5,251.62	6.03K	0.05%
2015年2月26日	5,335.48	5,291.54	5,346.75	5,287.74	6.54K	0.81%
2015年2月27日	5,372.58	5,335.41	5,387.29	5,332.91	6.12K	0.70%
2015年3月2日	5,432.87	5,379.91	5,433.07	5,361.43	8.18K	1.12%
2015年3月3日	5,330.79	5,406.30	5,416.49	5,324.67	8.27K	-1.88%
2015年3月4日	5,430.73	5,347.00	5,433.96	5,343.99	8.71K	1.87%
2015年3月5日	5,484.18	5,438.25	5,503.22	5,433.72	9.70K	0.98%
2015年3月6日	5,455.05	5,524.65	5,531.03	5,449.98	8.18K	-0.53%
2015年3月9日	5,580.44	5,459.50	5,588.68	5,421.26	6.90K	2.30%
2015年3月10日	5,606.52	5,588.99	5,616.93	5,576.01	6.77K	0.47%
2015年3月11日	5,619.97	5,618.83	5,674.60	5,594.92	7.76K	0.24%
2015年3月12日	5,609.79	5,624.08	5,625.03	5,574.22	6.45K	-0.18%
2015年3月13日	5,661.24	5,610.00	5,662.71	5,589.14	6.01K	0.92%
2015年3月16日	5,811.85	5,728.82	5,826.43	5,699.35	9.36K	2.66%
2015年3月17日	5,865.34	5,821.61	5,871.89	5,809.38	11.08K	0.92%
2015年3月18日	5,959.27	5,875.21	5,962.54	5,859.22	11.55K	1.60%
2015年3月19日	5,914.65	5,963.38	5,963.38	5,879.97	10.63K	-0.75%
2015年3月20日	5,922.17	5,903.34	5,960.70	5,888.86	10.30K	0.13%
2015年3月23日	6,038.37	5,940.75	6,039.68	5,940.75	12.02K	1.96%
2015年3月24日	5,980.45	6,036.62	6,036.89	5,866.03	11.86K	-0.96%
2015年3月25日	6,050.05	5,957.61	6,090.90	5,933.78	11.80K	1.16%
2015年3月26日	6,104.76	6,043.09	6,133.49	6,010.90	11.71K	0.90%
2015年3月27日	6,113.43	6,105.24	6,145.83	6,076.69	10.08K	0.14%
2015年3月30日	6,183.32	6,130.14	6,212.90	6,113.15	11.02K	1.14%
2015年3月31日	6,137.76	6,192.27	6,237.04	6,118.70	10.72K	-0.74%
2015年4月1日	6,217.23	6,141.81	6,243.48	6,134.63	9.79K	1.29%
2015年4月2日	6,289.90	6,259.93	6,355.73	6,216.95	12.07K	1.17%
2015年4月3日	6,325.85	6,255.81	6,327.47	6,226.19	11.59K	0.57%
2015年4月7日	6,518.18	6,343.46	6,519.20	6,341.83	12.42K	3.04%
2015年4月8日	6,570.63	6,538.00	6,628.47	6,422.64	13.23K	0.80%
2015年4月9日	6,547.83	6,561.18	6,585.91	6,371.04	13.04K	-0.35%
2015年4月10日	6,759.79	6,544.41	6,763.67	6,529.88	12.56K	3.24%
2015年4月13日	6,828.49	6,809.37	6,857.42	6,755.05	14.00K	1.02%
2015年4月14日	6,813.94	6,819.42	6,900.39	6,749.25	12.77K	-0.21%
2015年4月15日	6,567.06	6,804.95	6,805.40	6,561.92	11.13K	-3.62%
2015年4月16日	6,807.80	6,535.97	6,839.19	6,499.62	10.89K	3.67%
2015年4月17日	6,829.18	6,873.28	6,941.01	6,771.55	12.89K	0.31%
2015年4月20日	6,761.41	6,811.75	6,959.33	6,746.52	15.00K	-0.99%
2015年4月21日	7,080.10	6,801.16	7,081.05	6,789.67	12.03K	4.71%
2015年4月22日	7,189.67	7,164.59	7,194.07	7,097.50	13.17K	1.55%
2015年4月23日	7,156.03	7,204.09	7,213.53	7,072.76	13.11K	-0.47%
2015年4月24日	7,183.66	7,080.67	7,193.71	7,044.46	11.40K	0.39%
2015年4月27日	7,263.43	7,280.19	7,356.65	7,205.91	12.73K	1.11%
2015年4月28日	7,015.64	7,268.77	7,298.69	6,947.54	14.25K	-3.41%
2015年4月29日	7,163.33	6,981.63	7,165.56	6,980.44	9.87K	2.11%
2015年4月30日	7,108.50	7,191.79	7,217.86	7,105.67	11.31K	-0.77%
2015年5月4日	7,159.98	7,112.49	7,161.10	7,042.33	9.07K	0.72%
2015年5月5日	6,907.67	7,135.81	7,163.27	6,875.55	9.92K	-3.52%
2015年5月6日	6,832.52	6,993.44	7,025.97	6,785.61	8.32K	-1.09%
2015年5月7日	6,748.02	6,825.62	6,861.64	6,740.42	8.00K	-1.24%
2015年5月8日	6,895.42	6,800.32	6,899.59	6,752.31	8.52K	2.18%
2015年5月11日	7,061.42	6,930.29	7,064.55	6,841.98	10.39K	2.41%
2015年5月12日	7,145.51	7,074.83	7,158.08	7,041.43	11.50K	1.19%
2015年5月13日	7,240.82	7,153.11	7,316.26	7,114.92	13.89K	1.33%
2015年5月14日	7,185.07	7,230.59	7,262.56	7,167.34	11.19K	-0.77%
2015年5月15日	7,066.54	7,186.23	7,186.23	7,009.82	9.93K	-1.65%
2015年5月18日	7,044.97	7,041.17	7,087.98	7,014.24	10.62K	-0.31%
2015年5月19日	7,255.83	7,058.89	7,257.83	7,034.20	11.57K	2.99%
2015年5月20日	7,293.80	7,287.89	7,440.76	7,264.23	13.56K	0.52%
2015年5月21日	7,536.77	7,331.87	7,537.88	7,329.05	13.08K	3.33%
2015年5月22日	7,749.74	7,647.52	7,755.56	7,555.81	16.29K	2.83%
2015年5月25日	8,088.65	7,728.62	8,093.22	7,725.01	16.79K	4.37%
2015年5月26日	8,236.81	8,109.14	8,264.32	8,006.80	17.12K	1.83%
2015年5月27日	8,286.14	8,273.56	8,332.48	8,116.73	17.68K	0.60%
2015年5月28日	7,729.12	8,285.36	8,383.22	7,716.67	20.68K	-6.72%
2015年5月29日	7,705.02	7,669.49	7,874.84	7,392.81	15.62K	-0.31%
2015年6月1日	8,097.06	7,761.82	8,105.00	7,722.12	14.05K	5.09%
2015年6月2日	8,357.96	8,160.87	8,361.23	8,074.24	16.56K	3.22%
2015年6月3日	8,219.51	8,334.11	8,349.06	8,096.90	15.18K	-1.66%
2015年6月4日	8,126.22	8,217.49	8,231.23	7,587.28	14.90K	-1.13%
2015年6月5日	8,229.50	8,213.46	8,311.36	8,001.66	17.86K	1.27%
2015年6月8日	8,378.03	8,289.21	8,401.48	8,132.61	20.24K	1.80%
2015年6月9日	8,368.75	8,383.12	8,453.37	8,283.83	15.40K	-0.11%
2015年6月10日	8,551.75	8,328.20	8,652.05	8,240.01	15.11K	2.19%
2015年6月11日	8,644.65	8,589.22	8,664.03	8,480.20	16.12K	1.09%
2015年6月12日	8,768.35	8,751.17	8,876.70	8,728.69	18.78K	1.43%
2015年6月15日	8,536.13	8,801.49	8,836.32	8,505.88	17.13K	-2.65%
2015年6月16日	8,365.79	8,463.98	8,566.25	8,270.50	13.91K	-2.00%
2015年6月17日	8,458.16	8,326.54	8,470.18	8,078.52	14.66K	1.10%
2015年6月18日	8,140.86	8,427.93	8,502.37	8,125.31	14.72K	-3.75%
2015年6月19日	7,545.40	7,990.85	8,059.32	7,538.74	12.22K	-7.31%
2015年6月23日	7,841.43	7,567.04	7,860.48	7,226.63	13.04K	3.92%
2015年6月24日	8,059.51	7,896.98	8,077.29	7,825.27	15.20K	2.78%
2015年6月25日	7,808.47	8,081.96	8,135.49	7,715.15	16.18K	-3.11%
2015年6月26日	7,186.02	7,586.69	7,676.92	7,107.77	14.50K	-7.97%
2015年6月29日	6,950.41	7,392.20	7,396.91	6,588.93	18.79K	-3.28%
2015年6月30日	7,371.29	6,927.85	7,378.83	6,673.96	18.43K	6.06%
2015年7月1日	7,055.64	7,250.93	7,573.37	7,019.47	16.73K	-4.28%
2015年7月2日	6,760.01	7,058.47	7,127.45	6,601.43	14.89K	-4.19%
2015年7月3日	6,392.70	6,621.46	6,853.27	6,185.48	15.21K	-5.43%
2015年7月6日	6,541.44	6,950.60	6,950.60	6,204.57	23.36K	2.33%
2015年7月7日	6,162.37	6,340.92	6,465.49	6,079.25	17.46K	-5.79%
2015年7月8日	5,767.24	5,703.80	5,914.26	5,636.49	21.59K	-6.41%
2015年7月9日	6,162.63	5,736.97	6,174.35	5,711.77	12.00K	6.86%
2015年7月10日	6,589.43	6,372.67	6,669.41	6,308.67	10.10K	6.93%
2015年7月13日	6,855.47	6,762.34	6,948.72	6,657.77	14.23K	4.04%
2015年7月14日	6,786.79	6,929.97	7,033.59	6,723.38	19.12K	-1.00%
2015年7月15日	6,504.73	6,685.35	6,760.04	6,353.47	14.95K	-4.16%
2015年7月16日	6,618.22	6,494.52	6,731.48	6,322.36	12.33K	1.74%
2015年7月17日	6,881.71	6,665.00	6,953.17	6,630.44	12.92K	3.98%
2015年7月20日	6,863.38	6,874.06	6,988.64	6,754.52	14.20K	-0.27%
2015年7月21日	6,865.47	6,777.54	6,921.80	6,713.24	12.22K	0.03%
2015年7月22日	6,949.66	6,863.35	6,971.16	6,791.74	14.36K	1.23%
2015年7月23日	7,126.62	6,983.23	7,155.51	6,926.31	16.64K	2.55%
2015年7月24日	7,007.18	7,162.59	7,225.67	6,946.18	16.37K	-1.68%
2015年7月27日	6,425.52	6,888.88	7,030.23	6,414.93	16.47K	-8.30%
2015年7月28日	6,476.11	6,236.78	6,548.97	6,071.40	16.58K	0.79%
2015年7月29日	6,709.79	6,534.48	6,727.88	6,384.20	14.15K	3.61%
2015年7月30日	6,521.38	6,661.96	6,758.95	6,479.89	12.36K	-2.81%
2015年7月31日	6,511.77	6,453.09	6,574.92	6,400.34	9.76K	-0.15%
2015年8月3日	6,529.81	6,437.52	6,544.22	6,386.84	9.64K	0.28%
2015年8月4日	6,761.15	6,525.48	6,761.93	6,490.95	9.16K	3.54%
2015年8月5日	6,633.35	6,759.54	6,779.27	6,582.09	8.89K	-1.89%
2015年8月6日	6,555.26	6,526.54	6,642.85	6,498.66	6.52K	-1.18%
2015年8月7日	6,671.14	6,623.93	6,707.39	6,602.03	8.05K	1.77%
2015年8月10日	6,963.26	6,750.14	6,999.45	6,719.31	11.58K	4.38%
2015年8月11日	6,975.16	6,994.01	7,053.09	6,917.19	12.01K	0.17%
2015年8月12日	6,967.54	6,949.91	7,084.42	6,930.11	12.13K	-0.11%
2015年8月13日	7,055.62	6,982.98	7,058.19	6,869.61	11.44K	1.26%
2015年8月14日	7,097.70	7,085.77	7,139.67	7,035.49	11.49K	0.60%
2015年8月17日	7,231.83	7,056.27	7,266.06	7,037.46	13.36K	1.89%
2015年8月18日	6,774.86	7,213.64	7,228.20	6,739.74	14.00K	-6.32%
2015年8月19日	6,897.42	6,621.69	6,945.92	6,522.03	12.40K	1.81%
2015年8月20日	6,669.16	6,821.91	6,859.11	6,666.38	10.24K	-3.31%
2015年8月21日	6,385.82	6,606.20	6,680.13	6,362.39	9.63K	-4.25%
2015年8月24日	5,836.20	6,141.93	6,161.66	5,829.06	8.58K	-8.61%
2015年8月25日	5,544.94	5,514.96	5,794.30	5,493.53	10.00K	-4.99%
2015年8月26日	5,588.32	5,602.35	5,845.02	5,457.07	11.63K	0.78%
2015年8月27日	5,901.27	5,728.49	5,907.02	5,597.99	9.65K	5.60%
2015年8月28日	6,096.64	5,952.49	6,120.55	5,844.99	10.77K	3.31%
2015年8月31日	5,991.13	5,993.93	6,016.12	5,833.96	8.08K	-1.73%
2015年9月1日	5,860.32	5,890.23	5,892.00	5,683.24	8.15K	-2.18%
2015年9月2日	5,843.24	5,625.66	5,895.15	5,615.43	9.57K	-0.29%
2015年9月7日	5,690.11	5,805.46	5,981.99	5,663.80	6.81K	-2.62%
2015年9月8日	5,789.01	5,615.86	5,811.43	5,528.74	6.41K	1.74%
2015年9月9日	5,855.54	5,784.10	5,939.98	5,766.18	12.56K	1.15%
2015年9月10日	5,760.76	5,750.30	5,836.85	5,720.33	8.52K	-1.62%
2015年9月11日	5,745.64	5,731.50	5,787.89	5,662.64	7.43K	-0.26%
2015年9月14日	5,664.60	5,775.25	5,808.35	5,491.45	11.38K	-1.41%
2015年9月15日	5,423.49	5,527.56	5,574.87	5,357.39	7.18K	-4.26%
2015年9月16日	5,735.50	5,416.27	5,827.09	5,379.71	8.49K	5.75%
2015年9月17日	5,528.16	5,687.29	5,770.17	5,526.13	8.93K	-3.62%
2015年9月18日	5,564.05	5,567.43	5,610.08	5,504.01	4.87K	0.65%
2015年9月21日	5,683.28	5,514.33	5,698.45	5,492.43	6.85K	2.14%
2015年9月22日	5,736.34	5,702.70	5,777.96	5,678.92	8.52K	0.93%
2015年9月23日	5,641.44	5,664.30	5,713.72	5,620.22	7.46K	-1.65%
2015年9月24日	5,657.57	5,654.25	5,684.01	5,608.19	5.53K	0.29%
2015年9月25日	5,558.79	5,655.96	5,702.82	5,526.21	6.14K	-1.75%
2015年9月28日	5,579.81	5,545.54	5,583.21	5,455.21	4.42K	0.38%
2015年9月29日	5,501.03	5,492.65	5,557.16	5,478.38	4.94K	-1.41%
2015年9月30日	5,505.75	5,524.09	5,544.75	5,485.26	3.86K	0.09%
2015年10月8日	5,715.68	5,706.36	5,761.82	5,681.80	8.76K	3.81%
2015年10月9日	5,730.95	5,708.09	5,758.44	5,681.64	6.76K	0.27%
2015年10月12日	5,861.90	5,762.19	6,001.87	5,760.48	13.02K	2.28%
2015年10月13日	5,911.86	5,835.03	5,922.49	5,815.93	8.92K	0.85%
2015年10月14日	5,816.73	5,897.46	5,915.90	5,814.63	8.74K	-1.61%
2015年10月15日	5,996.96	5,807.40	5,998.80	5,805.83	10.22K	3.10%
2015年10月16日	6,110.30	6,051.36	6,119.44	5,996.82	12.26K	1.89%
2015年10月19日	6,087.59	6,137.38	6,150.65	6,032.41	11.26K	-0.37%
2015年10月20日	6,120.81	6,068.77	6,122.05	6,009.75	10.50K	0.55%
2015年10月21日	5,863.73	6,141.11	6,161.52	5,804.54	13.43K	-4.20%
2015年10月22日	6,057.97	5,853.22	6,074.14	5,848.88	10.33K	3.31%
2015年10月23日	6,164.69	6,091.02	6,195.35	6,070.09	11.31K	1.76%
2015年10月26日	6,187.38	6,219.32	6,233.91	6,110.12	9.74K	0.37%
2015年10月27日	6,148.00	6,155.15	6,168.14	5,978.21	8.99K	-0.64%
2015年10月28日	6,028.83	6,123.09	6,164.19	6,009.37	7.45K	-1.94%
2015年10月29日	6,084.75	6,068.57	6,132.30	6,034.90	6.63K	0.93%
2015年10月30日	6,082.68	6,130.56	6,158.80	6,059.19	9.20K	-0.03%
2015年11月2日	5,984.29	6,018.85	6,119.64	5,976.57	7.72K	-1.62%
2015年11月3日	5,955.79	6,010.24	6,037.23	5,925.69	6.79K	-0.48%
2015年11月4日	6,189.44	5,980.42	6,190.43	5,980.42	10.01K	3.92%
2015年11月5日	6,223.69	6,186.56	6,345.35	6,174.93	13.71K	0.55%
2015年11月6日	6,304.38	6,231.95	6,306.85	6,203.15	10.44K	1.30%
2015年11月9日	6,383.19	6,300.45	6,450.74	6,271.18	13.35K	1.25%
2015年11月10日	6,366.14	6,360.62	6,411.49	6,314.55	12.32K	-0.27%
2015年11月11日	6,372.49	6,368.93	6,386.07	6,303.70	8.85K	0.10%
2015年11月12日	6,332.94	6,388.86	6,400.97	6,287.81	9.12K	-0.62%
2015年11月13日	6,184.34	6,273.40	6,289.42	6,175.54	8.00K	-2.35%
2015年11月16日	6,221.14	6,095.14	6,224.86	6,086.06	6.00K	0.60%
2015年11月17日	6,206.27	6,255.58	6,315.77	6,187.53	8.55K	-0.24%
2015年11月18日	6,168.25	6,202.63	6,247.69	6,154.51	6.34K	-0.61%
2015年11月19日	6,222.32	6,168.73	6,223.73	6,142.15	5.05K	0.88%
2015年11月20日	6,224.00	6,234.14	6,244.56	6,188.74	6.93K	0.03%
2015年11月23日	6,208.09	6,215.97	6,245.87	6,186.99	7.79K	-0.26%
2015年11月24日	6,205.26	6,200.72	6,210.48	6,127.41	5.29K	-0.05%
2015年11月25日	6,320.51	6,196.50	6,323.07	6,181.05	8.93K	1.86%
2015年11月26日	6,327.36	6,344.19	6,361.41	6,294.70	10.16K	0.11%
2015年11月27日	6,051.98	6,305.90	6,307.53	6,022.82	8.95K	-4.35%
2015年11月30日	6,067.75	6,062.30	6,092.60	5,879.10	7.25K	0.26%
2015年12月1日	6,098.81	6,060.06	6,108.62	6,014.00	5.10K	0.51%
2015年12月2日	6,215.75	6,106.65	6,226.39	6,077.66	6.04K	1.92%
2015年12月3日	6,239.11	6,194.51	6,242.65	6,179.98	5.22K	0.38%
2015年12月4日	6,173.33	6,209.84	6,226.17	6,148.35	6.61K	-1.05%
2015年12月7日	6,189.49	6,176.57	6,205.18	6,138.68	5.40K	0.26%
2015年12月8日	6,039.33	6,166.40	6,166.40	6,037.52	5.40K	-2.43%
2015年12月9日	6,057.98	6,027.42	6,089.69	6,027.42	4.23K	0.31%
2015年12月10日	6,045.69	6,067.02	6,103.34	6,035.11	4.59K	-0.20%
2015年12月11日	5,960.95	6,022.07	6,022.07	5,926.19	5.14K	-1.40%
2015年12月14日	6,047.24	5,909.96	6,049.85	5,890.54	5.53K	1.45%
2015年12月15日	6,062.51	6,047.50	6,075.43	6,025.33	5.62K	0.25%
2015年12月16日	6,021.27	6,069.90	6,079.70	6,016.74	5.19K	-0.68%
2015年12月17日	6,136.10	6,048.14	6,138.63	6,048.14	6.25K	1.91%
2015年12月18日	6,217.99	6,132.85	6,224.44	6,114.05	7.73K	1.33%
2015年12月21日	6,477.83	6,229.39	6,497.09	6,229.39	9.38K	4.18%
2015年12月22日	6,500.63	6,555.22	6,594.26	6,447.86	11.03K	0.35%
2015年12月23日	6,451.43	6,506.71	6,551.29	6,428.21	8.59K	-0.76%
2015年12月24日	6,383.29	6,434.04	6,464.01	6,306.51	7.49K	-1.06%
2015年12月25日	6,404.94	6,392.66	6,425.81	6,365.47	5.32K	0.34%
2015年12月28日	6,242.83	6,424.25	6,441.46	6,237.30	7.62K	-2.53%
2015年12月29日	6,305.59	6,234.15	6,310.69	6,214.04	5.09K	1.01%
2015年12月30日	6,304.67	6,310.61	6,319.57	6,245.05	4.36K	-0.01%
2015年12月31日	6,260.98	6,306.64	6,339.17	6,256.13	4.70K	-0.69%
2016年1月4日	5,796.06	6,246.73	6,246.73	5,790.50	4.54K	-7.43%
2016年1月5日	5,833.47	5,653.37	5,908.75	5,638.37	6.45K	0.65%
2016年1月6日	5,908.42	5,855.67	5,911.06	5,805.02	4.48K	1.28%
2016年1月7日	5,483.24	5,821.41	5,821.41	5,453.47	1.32K	-7.20%
2016年1月8日	5,595.99	5,625.09	5,683.12	5,386.31	5.90K	2.06%
2016年1月11日	5,289.08	5,504.73	5,559.88	5,286.52	5.50K	-5.48%
2016年1月12日	5,304.34	5,327.84	5,369.36	5,257.45	3.83K	0.29%
2016年1月13日	5,200.11	5,358.64	5,410.89	5,196.17	3.61K	-1.96%
2016年1月14日	5,312.93	5,077.43	5,328.31	5,067.70	4.28K	2.17%
2016年1月15日	5,134.88	5,279.70	5,304.47	5,091.05	3.64K	-3.35%
2016年1月18日	5,169.86	5,056.41	5,227.49	5,053.99	3.30K	0.68%
2016年1月19日	5,355.42	5,176.80	5,357.60	5,164.72	4.40K	3.59%
2016年1月20日	5,240.03	5,319.98	5,363.09	5,218.81	3.87K	-2.15%
2016年1月21日	5,124.85	5,183.81	5,294.02	5,123.43	3.52K	-2.20%
2016年1月22日	5,177.54	5,182.63	5,208.02	5,071.45	3.13K	1.03%
2016年1月25日	5,209.29	5,206.19	5,235.53	5,160.86	2.87K	0.61%
2016年1月26日	4,901.93	5,156.04	5,184.01	4,878.21	4.51K	-5.90%
2016年1月27日	4,888.78	4,917.98	4,941.02	4,703.55	4.57K	-0.27%
2016年1月28日	4,768.49	4,853.10	4,908.77	4,755.23	3.31K	-2.46%
2016年1月29日	4,924.09	4,771.05	4,960.78	4,768.25	3.56K	3.26%
2016年2月1日	4,878.63	4,924.35	4,944.15	4,828.54	2.62K	-0.92%
2016年2月2日	4,987.15	4,884.16	5,000.42	4,884.16	2.82K	2.22%
2016年2月3日	4,966.12	4,938.81	4,982.53	4,896.89	2.38K	-0.42%
2016年2月4日	5,038.28	4,985.41	5,049.68	4,981.45	3.12K	1.45%
2016年2月5日	5,025.32	5,037.16	5,069.54	5,021.58	2.45K	-0.26%
2016年2月15日	4,996.45	4,898.78	5,019.45	4,887.73	2.29K	-0.57%
2016年2月16日	5,143.44	5,014.85	5,161.10	5,014.85	3.62K	2.94%
2016年2月17日	5,176.44	5,137.60	5,177.42	5,114.30	4.68K	0.64%
2016年2月18日	5,157.58	5,197.17	5,208.79	5,147.62	4.67K	-0.36%
2016年2月19日	5,174.94	5,150.51	5,185.77	5,134.31	3.26K	0.34%
2016年2月22日	5,270.97	5,225.23	5,280.25	5,210.02	5.11K	1.86%
2016年2月23日	5,260.27	5,267.00	5,283.02	5,202.69	4.41K	-0.20%
2016年2月24日	5,321.71	5,244.18	5,323.85	5,228.13	5.02K	1.17%
2016年2月25日	4,984.53	5,313.22	5,313.46	4,975.55	5.46K	-6.34%
2016年2月26日	5,034.88	5,012.25	5,064.57	4,954.09	3.68K	1.01%
2016年2月29日	4,922.42	5,048.61	5,051.57	4,820.19	4.14K	-2.23%
2016年3月1日	4,999.07	4,930.23	5,012.54	4,878.14	3.26K	1.56%
2016年3月2日	5,171.34	5,007.56	5,184.73	5,005.38	4.73K	3.45%
2016年3月3日	5,245.84	5,172.17	5,246.94	5,158.44	5.58K	1.44%
2016年3月4日	5,339.20	5,225.35	5,366.70	5,149.25	6.33K	1.78%
2016年3月7日	5,351.25	5,344.01	5,407.18	5,302.63	4.81K	0.23%
2016年3月8日	5,323.77	5,335.55	5,335.55	5,173.89	4.25K	-0.51%
2016年3月9日	5,250.84	5,230.64	5,272.14	5,191.45	3.34K	-1.37%
2016年3月10日	5,225.47	5,247.78	5,305.60	5,222.91	2.96K	-0.48%
2016年3月11日	5,205.70	5,179.43	5,235.42	5,149.41	2.20K	-0.38%
2016年3月14日	5,241.08	5,247.62	5,332.58	5,222.01	4.03K	0.68%
2016年3月15日	5,346.55	5,229.78	5,350.93	5,204.51	4.04K	2.01%
2016年3月16日	5,301.06	5,314.98	5,368.94	5,291.29	3.71K	-0.85%
2016年3月17日	5,349.21	5,305.38	5,396.71	5,290.80	4.17K	0.91%
2016年3月18日	5,404.54	5,364.17	5,456.02	5,353.33	6.32K	1.03%
2016年3月21日	5,510.58	5,447.07	5,518.11	5,435.00	7.81K	1.96%
2016年3月22日	5,494.43	5,487.49	5,537.78	5,461.53	5.57K	-0.29%
2016年3月23日	5,509.26	5,488.88	5,521.89	5,467.53	4.39K	0.27%
2016年3月24日	5,466.21	5,491.26	5,526.42	5,442.42	4.63K	-0.78%
2016年3月25日	5,525.39	5,465.59	5,544.46	5,463.40	4.87K	1.08%
2016年3月28日	5,557.39	5,546.12	5,651.74	5,532.57	6.08K	0.58%
2016年3月29日	5,465.57	5,551.58	5,560.62	5,441.36	3.87K	-1.65%
2016年3月30日	5,576.59	5,498.50	5,582.78	5,498.13	3.88K	2.03%
2016年3月31日	5,581.28	5,610.36	5,618.35	5,569.78	4.16K	0.08%
2016年4月1日	5,561.10	5,580.52	5,594.75	5,486.69	3.51K	-0.36%
2016年4月5日	5,625.71	5,546.06	5,644.93	5,540.39	4.65K	1.16%
2016年4月6日	5,672.64	5,615.87	5,680.02	5,605.77	4.09K	0.83%
2016年4月7日	5,594.74	5,685.62	5,696.63	5,590.61	3.70K	-1.37%
2016年4月8日	5,536.07	5,566.65	5,574.35	5,496.72	3.28K	-1.05%
2016年4月11日	5,590.54	5,571.13	5,635.12	5,571.13	3.39K	0.98%
2016年4月12日	5,558.94	5,586.81	5,594.22	5,530.53	2.94K	-0.57%
2016年4月13日	5,583.78	5,575.05	5,655.78	5,575.05	5.02K	0.45%
2016年4月14日	5,623.15	5,606.13	5,623.93	5,574.32	3.42K	0.71%
2016年4月15日	5,612.89	5,623.82	5,630.88	5,590.00	3.01K	-0.18%
2016年4月18日	5,558.09	5,591.13	5,591.50	5,542.18	3.20K	-0.98%
2016年4月19日	5,565.81	5,581.74	5,592.08	5,539.98	2.70K	0.14%
2016年4月20日	5,423.16	5,575.48	5,584.40	5,334.35	5.63K	-2.56%
2016年4月21日	5,396.28	5,418.92	5,453.94	5,388.20	3.55K	-0.50%
2016年4月22日	5,439.70	5,383.56	5,442.07	5,370.05	2.50K	0.80%
2016年4月25日	5,406.37	5,436.63	5,436.63	5,359.74	2.49K	-0.61%
2016年4月26日	5,440.16	5,405.08	5,450.78	5,396.14	2.30K	0.63%
2016年4月27日	5,442.85	5,441.74	5,474.36	5,437.25	2.47K	0.05%
2016年4月28日	5,457.94	5,460.15	5,477.76	5,406.04	3.21K	0.28%
2016年4月29日	5,542.20	5,459.71	5,575.14	5,455.41	3.90K	1.54%
2016年5月3日	5,713.79	5,547.10	5,733.03	5,547.10	5.47K	3.10%
2016年5月4日	5,707.46	5,709.87	5,757.93	5,696.23	4.77K	-0.11%
2016年5月5日	5,735.53	5,713.37	5,739.35	5,702.03	3.74K	0.49%
2016年5月6日	5,544.05	5,713.05	5,724.25	5,542.36	4.54K	-3.34%
2016年5月9日	5,477.42	5,508.01	5,525.33	5,447.57	4.39K	-1.20%
2016年5月10日	5,550.01	5,462.11	5,571.03	5,457.23	3.93K	1.33%
2016年5月11日	5,653.07	5,562.24	5,744.43	5,554.88	6.58K	1.86%
2016年5月12日	5,631.43	5,589.88	5,639.11	5,509.63	4.01K	-0.38%
2016年5月13日	5,568.95	5,618.09	5,687.19	5,537.75	4.09K	-1.11%
2016年5月16日	5,647.54	5,551.40	5,650.04	5,519.27	3.61K	1.41%
2016年5月17日	5,597.29	5,645.60	5,656.47	5,586.68	3.90K	-0.89%
2016年5月18日	5,509.76	5,562.57	5,586.87	5,464.38	3.40K	-1.56%
2016年5月19日	5,504.20	5,511.12	5,561.98	5,492.07	2.58K	-0.10%
2016年5月20日	5,552.24	5,482.99	5,553.87	5,460.03	2.53K	0.87%
2016年5月23日	5,599.76	5,547.34	5,611.39	5,546.15	3.10K	0.86%
2016年5月24日	5,556.03	5,600.15	5,600.54	5,519.07	2.52K	-0.78%
2016年5月25日	5,521.56	5,583.69	5,594.87	5,502.61	2.57K	-0.62%
2016年5月26日	5,494.77	5,497.62	5,518.14	5,404.74	2.89K	-0.49%
2016年5月27日	5,477.63	5,466.10	5,495.55	5,446.38	2.69K	-0.31%
2016年5月30日	5,459.97	5,443.38	5,467.91	5,392.01	6.00K	-0.32%
2016年5月31日	5,626.34	5,449.26	5,631.11	5,449.26	7.47K	3.05%
2016年6月1日	5,642.55	5,629.42	5,653.78	5,613.41	6.84K	0.29%
2016年6月2日	5,679.51	5,637.46	5,681.93	5,629.96	5.24K	0.66%
2016年6月3日	5,819.79	5,679.57	5,848.54	5,673.76	6.72K	2.47%
2016年6月6日	5,745.25	5,815.76	5,827.81	5,726.73	4.72K	-1.28%
2016年6月7日	5,773.42	5,752.38	5,775.80	5,738.69	4.23K	0.49%
2016年6月8日	5,716.21	5,754.48	5,771.39	5,702.51	3.85K	-0.99%
2016年6月13日	5,558.29	5,669.43	5,700.12	5,558.29	4.80K	-2.76%
2016年6月14日	5,614.82	5,549.08	5,615.96	5,549.08	4.19K	1.02%
2016年6月15日	5,706.56	5,564.90	5,726.67	5,556.02	5.12K	1.63%
2016年6月16日	5,664.60	5,691.41	5,709.84	5,643.09	4.05K	-0.74%
2016年6月17日	5,704.43	5,658.36	5,734.65	5,658.36	3.57K	0.70%
2016年6月20日	5,695.53	5,711.29	5,711.29	5,651.41	3.31K	-0.16%
2016年6月21日	5,639.66	5,709.75	5,732.32	5,629.46	3.21K	-0.98%
2016年6月22日	5,685.51	5,629.10	5,686.44	5,620.19	2.74K	0.81%
2016年6月23日	5,653.32	5,682.69	5,682.69	5,620.48	2.82K	-0.57%
2016年6月24日	5,572.48	5,642.75	5,665.99	5,480.06	4.09K	-1.43%
2016年6月27日	5,708.73	5,553.21	5,710.56	5,548.60	3.70K	2.45%
2016年6月28日	5,750.54	5,688.58	5,753.98	5,683.27	4.58K	0.73%
2016年6月29日	5,768.25	5,758.39	5,778.08	5,743.63	4.11K	0.31%
2016年6月30日	5,803.38	5,776.99	5,824.03	5,776.99	3.76K	0.61%
2016年7月1日	5,798.26	5,792.87	5,823.88	5,781.88	3.43K	-0.09%
2016年7月4日	5,889.42	5,778.50	5,892.97	5,772.66	5.15K	1.57%
2016年7月5日	5,916.69	5,897.27	5,942.73	5,895.05	5.64K	0.46%
2016年7月6日	6,018.66	5,896.44	6,022.12	5,880.34	5.64K	1.72%
2016年7月7日	6,071.90	6,005.43	6,120.63	5,995.24	8.10K	0.88%
2016年7月8日	6,009.89	6,039.56	6,058.21	5,998.31	4.77K	-1.02%
2016年7月11日	6,094.91	6,013.89	6,195.43	6,013.89	7.24K	1.41%
2016年7月12日	6,289.66	6,107.82	6,291.51	6,106.92	8.79K	3.20%
2016年7月13日	6,238.91	6,295.42	6,314.91	6,202.79	6.41K	-0.81%
2016年7月14日	6,247.52	6,233.29	6,282.04	6,203.72	4.56K	0.14%
2016年7月15日	6,243.58	6,255.57	6,266.33	6,209.20	5.25K	-0.06%
2016年7月18日	6,199.52	6,239.03	6,246.78	6,186.12	5.69K	-0.71%
2016年7月19日	6,128.63	6,187.78	6,199.64	6,060.22	5.63K	-1.14%
2016年7月20日	6,150.54	6,128.98	6,190.86	6,123.52	4.72K	0.36%
2016年7月21日	6,191.23	6,154.72	6,224.86	6,152.32	4.62K	0.66%
2016年7月22日	6,083.73	6,173.34	6,181.51	6,077.31	4.21K	-1.74%
2016年7月25日	6,123.49	6,082.32	6,162.44	6,079.33	3.26K	0.65%
2016年7月26日	6,254.06	6,120.51	6,256.82	6,108.85	4.24K	2.13%
2016年7月27日	6,139.68	6,262.79	6,295.25	6,010.50	7.99K	-1.83%
2016年7月28日	6,226.30	6,110.51	6,236.97	6,081.54	6.43K	1.41%
2016年7月29日	6,189.32	6,226.88	6,260.29	6,172.91	4.81K	-0.59%
2016年8月1日	6,072.74	6,169.33	6,169.33	6,032.31	4.01K	-1.88%
2016年8月2日	6,079.26	6,047.10	6,082.13	5,999.75	3.49K	0.11%
2016年8月3日	6,109.49	6,067.25	6,120.32	6,052.01	3.90K	0.50%
2016年8月4日	6,103.35	6,116.87	6,131.59	6,063.05	3.32K	-0.10%
2016年8月5日	6,105.14	6,116.97	6,157.18	6,097.92	3.67K	0.03%
2016年8月8日	6,148.69	6,105.02	6,150.50	6,053.33	3.57K	0.71%
2016年8月9日	6,209.52	6,136.45	6,214.64	6,130.12	3.47K	0.99%
2016年8月10日	6,155.36	6,205.92	6,211.12	6,154.22	3.09K	-0.87%
2016年8月11日	6,115.18	6,151.89	6,191.81	6,113.11	3.61K	-0.65%
2016年8月12日	6,175.04	6,121.36	6,177.51	6,088.96	3.92K	0.98%
2016年8月15日	6,269.65	6,173.01	6,295.76	6,163.57	6.54K	1.53%
2016年8月16日	6,240.52	6,285.45	6,312.18	6,233.22	5.98K	-0.46%
2016年8月17日	6,237.86	6,239.12	6,262.49	6,204.75	4.55K	-0.04%
2016年8月18日	6,195.85	6,233.85	6,241.72	6,168.96	4.79K	-0.67%
2016年8月19日	6,182.55	6,189.85	6,204.44	6,152.61	3.59K	-0.21%
2016年8月22日	6,186.22	6,205.73	6,240.77	6,181.03	4.48K	0.06%
2016年8月23日	6,204.68	6,182.29	6,226.47	6,176.49	4.01K	0.30%
2016年8月24日	6,186.76	6,200.02	6,230.85	6,170.56	3.12K	-0.29%
2016年8月25日	6,167.06	6,176.79	6,176.79	6,108.22	3.82K	-0.32%
2016年8月26日	6,172.32	6,170.65	6,216.94	6,155.17	3.28K	0.09%
2016年8月29日	6,137.01	6,186.63	6,189.41	6,120.32	4.16K	-0.57%
2016年8月30日	6,114.76	6,138.30	6,149.65	6,095.00	3.16K	-0.36%
2016年8月31日	6,142.52	6,117.23	6,145.01	6,103.32	2.80K	0.45%
2016年9月1日	6,101.35	6,137.86	6,165.47	6,099.02	2.95K	-0.67%
2016年9月2日	6,102.38	6,091.93	6,126.92	6,072.77	3.44K	0.02%
2016年9月5日	6,117.43	6,114.31	6,148.25	6,101.55	2.95K	0.25%
2016年9月6日	6,179.86	6,122.84	6,181.08	6,088.35	3.63K	1.02%
2016年9月7日	6,148.76	6,173.95	6,173.95	6,139.91	3.62K	-0.50%
2016年9月8日	6,142.32	6,142.11	6,150.92	6,119.61	2.69K	-0.10%
2016年9月9日	6,100.84	6,147.18	6,152.67	6,099.29	3.28K	-0.68%
2016年9月12日	5,991.10	6,018.36	6,030.94	5,955.33	4.50K	-1.80%
2016年9月13日	6,003.06	6,007.13	6,021.90	5,984.04	2.31K	0.20%
2016年9月14日	5,995.40	5,988.23	6,013.31	5,967.33	2.52K	-0.13%
2016年9月19日	6,031.73	5,997.97	6,032.83	5,997.97	2.15K	0.61%
2016年9月20日	6,025.78	6,035.28	6,038.61	5,997.63	2.32K	-0.10%
2016年9月21日	6,014.20	6,020.35	6,021.95	5,985.11	2.55K	-0.19%
2016年9月22日	6,037.43	6,030.95	6,064.14	6,027.56	3.10K	0.39%
2016年9月23日	6,036.76	6,042.51	6,052.72	6,022.69	2.57K	-0.01%
2016年9月26日	5,915.70	6,032.03	6,032.03	5,912.67	3.43K	-2.01%
2016年9月27日	5,947.58	5,912.64	5,948.15	5,904.87	2.45K	0.54%
2016年9月28日	5,928.99	5,964.50	5,964.50	5,922.30	1.78K	-0.31%
2016年9月29日	5,941.67	5,933.34	5,971.64	5,933.34	1.92K	0.21%
2016年9月30日	5,983.25	5,935.34	5,992.45	5,932.05	1.82K	0.70%
2016年10月10日	6,081.48	6,002.26	6,082.59	6,002.26	2.97K	1.64%
2016年10月11日	6,129.40	6,102.43	6,132.66	6,084.52	2.96K	0.79%
2016年10月12日	6,123.88	6,119.16	6,128.09	6,100.90	2.94K	-0.09%
2016年10月13日	6,112.34	6,130.36	6,130.36	6,096.42	2.51K	-0.19%
2016年10月14日	6,122.04	6,105.93	6,125.63	6,082.90	2.46K	0.16%
2016年10月17日	6,084.00	6,125.35	6,126.17	6,070.01	3.05K	-0.62%
2016年10月18日	6,165.55	6,077.23	6,168.43	6,077.23	4.12K	1.34%
2016年10月19日	6,154.93	6,169.61	6,176.80	6,139.79	2.87K	-0.17%
2016年10月20日	6,141.15	6,159.07	6,166.31	6,131.79	3.51K	-0.22%
2016年10月21日	6,109.47	6,139.79	6,139.87	6,084.68	2.81K	-0.52%
2016年10月24日	6,212.35	6,194.07	6,223.35	6,162.05	4.83K	1.68%
2016年10月25日	6,252.67	6,218.62	6,254.50	6,204.06	3.83K	0.65%
2016年10月26日	6,321.60	6,254.59	6,333.65	6,240.15	6.17K	1.10%
2016年10月27日	6,298.49	6,290.19	6,314.38	6,272.89	3.91K	-0.37%
2016年10月28日	6,257.79	6,300.24	6,310.32	6,247.13	3.65K	-0.65%
2016年10月31日	6,285.92	6,270.03	6,288.01	6,245.19	3.02K	0.45%
2016年11月1日	6,327.95	6,292.42	6,329.42	6,280.54	3.49K	0.67%
2016年11月2日	6,295.11	6,318.01	6,322.19	6,280.78	3.41K	-0.52%
2016年11月3日	6,310.20	6,285.31	6,334.41	6,273.46	3.37K	0.24%
2016年11月4日	6,308.32	6,314.91	6,350.02	6,289.38	3.61K	-0.03%
2016年11月7日	6,306.33	6,300.47	6,319.37	6,279.13	2.83K	-0.03%
2016年11月8日	6,351.38	6,322.90	6,363.74	6,307.97	3.44K	0.71%
2016年11月9日	6,294.36	6,352.39	6,352.39	6,235.45	4.14K	-0.90%
2016年11月10日	6,368.33	6,331.79	6,372.75	6,330.90	4.09K	1.18%
2016年11月11日	6,354.47	6,352.65	6,363.40	6,336.44	5.26K	-0.22%
2016年11月14日	6,326.77	6,354.03	6,370.21	6,281.52	6.48K	-0.44%
2016年11月15日	6,368.30	6,312.73	6,374.96	6,308.43	5.08K	0.66%
2016年11月16日	6,356.30	6,363.72	6,369.30	6,349.79	3.88K	-0.19%
2016年11月17日	6,348.60	6,357.00	6,361.24	6,330.89	3.53K	-0.12%
2016年11月18日	6,320.30	6,348.23	6,354.56	6,317.50	3.59K	-0.45%
2016年11月21日	6,304.38	6,323.89	6,336.90	6,292.13	5.04K	-0.25%
2016年11月22日	6,317.11	6,314.48	6,335.48	6,300.10	4.71K	0.20%
2016年11月23日	6,324.97	6,331.75	6,344.26	6,310.06	4.67K	0.12%
2016年11月24日	6,423.48	6,326.83	6,444.69	6,321.42	6.67K	1.56%
2016年11月25日	6,439.32	6,423.44	6,440.77	6,355.87	5.81K	0.25%
2016年11月28日	6,427.44	6,465.91	6,498.01	6,397.85	9.50K	-0.18%
2016年11月29日	6,526.55	6,439.48	6,608.68	6,437.45	11.98K	1.54%
2016年11月30日	6,471.94	6,507.89	6,519.75	6,436.97	8.14K	-0.84%
2016年12月1日	6,510.43	6,485.15	6,538.56	6,462.46	7.21K	0.59%
2016年12月2日	6,417.71	6,491.30	6,493.72	6,413.23	6.01K	-1.42%
2016年12月5日	6,316.98	6,307.29	6,365.24	6,305.92	6.65K	-1.57%
2016年12月6日	6,346.50	6,326.35	6,359.54	6,312.82	3.87K	0.47%
2016年12月7日	6,461.49	6,351.80	6,463.59	6,347.93	6.24K	1.81%
2016年12月8日	6,467.30	6,481.83	6,506.39	6,449.53	5.47K	0.09%
2016年12月9日	6,462.33	6,462.33	6,505.34	6,440.67	6.07K	-0.08%
2016年12月12日	6,253.86	6,446.99	6,458.11	6,241.82	7.11K	-3.23%
2016年12月13日	6,363.23	6,230.18	6,364.48	6,207.11	5.71K	1.75%
2016年12月14日	6,322.02	6,350.56	6,391.89	6,318.84	5.67K	-0.65%
2016年12月15日	6,332.98	6,309.94	6,340.08	6,278.23	5.80K	0.17%
2016年12月16日	6,348.25	6,312.60	6,359.49	6,293.37	4.95K	0.24%
2016年12月19日	6,363.88	6,347.18	6,385.67	6,332.15	5.46K	0.25%
2016年12月20日	6,308.66	6,362.79	6,364.04	6,281.05	4.22K	-0.87%
2016年12月21日	6,357.43	6,315.02	6,358.69	6,314.25	4.55K	0.77%
2016年12月22日	6,346.98	6,344.08	6,359.05	6,319.40	4.02K	-0.16%
2016年12月23日	6,283.16	6,340.35	6,345.88	6,269.82	4.52K	-1.01%
2016年12月26日	6,310.30	6,270.61	6,311.88	6,213.56	4.31K	0.43%
2016年12月27日	6,308.30	6,315.47	6,351.74	6,303.38	4.08K	-0.03%
2016年12月28日	6,260.76	6,308.97	6,318.59	6,243.95	3.46K	-0.75%
2016年12月29日	6,273.70	6,250.92	6,294.02	6,230.18	3.28K	0.21%
2016年12月30日	6,329.85	6,274.31	6,350.65	6,274.31	3.11K	0.90%
2017年1月3日	6,382.64	6,343.43	6,395.97	6,335.21	3.45K	0.83%
2017年1月4日	6,502.16	6,387.08	6,503.81	6,380.17	4.24K	1.87%
2017年1月5日	6,477.39	6,486.34	6,500.99	6,467.22	4.04K	-0.38%
2017年1月6日	6,461.85	6,469.82	6,497.72	6,457.76	4.52K	-0.24%
2017年1月9日	6,474.23	6,436.32	6,477.02	6,435.99	3.70K	0.19%
2017年1月10日	6,472.85	6,475.31	6,513.30	6,463.07	4.86K	-0.02%
2017年1月11日	6,409.70	6,455.16	6,457.90	6,399.78	3.38K	-0.98%
2017年1月12日	6,363.88	6,416.69	6,423.69	6,355.57	3.37K	-0.71%
2017年1月13日	6,310.90	6,365.92	6,374.35	6,295.09	3.40K	-0.83%
2017年1月16日	6,271.26	6,309.43	6,310.10	6,141.15	5.59K	-0.63%
2017年1月17日	6,318.81	6,252.88	6,320.48	6,237.69	2.87K	0.76%
2017年1月18日	6,363.32	6,316.68	6,384.93	6,306.09	3.04K	0.70%
2017年1月19日	6,337.80	6,354.74	6,377.70	6,334.04	2.57K	-0.40%
2017年1月20日	6,391.06	6,334.92	6,403.89	6,333.28	2.72K	0.84%
2017年1月23日	6,396.59	6,397.64	6,440.19	6,373.51	2.84K	0.09%
2017年1月24日	6,399.09	6,393.99	6,404.60	6,377.76	2.47K	0.04%
2017年1月25日	6,401.71	6,395.29	6,411.34	6,370.66	1.73K	0.04%
2017年1月26日	6,407.15	6,408.68	6,423.97	6,388.60	1.98K	0.08%
2017年2月3日	6,388.67	6,408.95	6,412.78	6,376.44	1.60K	-0.29%
2017年2月6日	6,414.74	6,397.83	6,426.27	6,382.34	3.23K	0.41%
2017年2月7日	6,408.32	6,416.47	6,417.70	6,373.43	3.03K	-0.10%
2017年2月8日	6,435.56	6,404.64	6,436.14	6,379.11	3.02K	0.43%
2017年2月9日	6,476.83	6,438.51	6,482.92	6,432.66	4.16K	0.64%
2017年2月10日	6,469.30	6,478.79	6,505.64	6,465.34	4.47K	-0.12%
2017年2月13日	6,548.14	6,462.32	6,553.02	6,443.52	4.68K	1.22%
2017年2月14日	6,544.05	6,538.41	6,552.05	6,518.08	4.21K	-0.06%
2017年2月15日	6,508.19	6,553.70	6,580.93	6,492.32	5.32K	-0.55%
2017年2月16日	6,532.88	6,501.82	6,534.91	6,484.69	4.43K	0.38%
2017年2月17日	6,530.98	6,538.21	6,583.15	6,517.36	5.07K	-0.03%
2017年2月20日	6,684.13	6,550.83	6,686.85	6,542.06	6.18K	2.34%
2017年2月21日	6,752.22	6,722.11	6,754.77	6,694.99	8.13K	1.02%
2017年2月22日	6,836.99	6,782.37	6,840.03	6,763.01	10.05K	1.26%
2017年2月23日	6,766.44	6,814.15	6,835.94	6,721.82	6.49K	-1.03%
2017年2月24日	6,763.56	6,754.92	6,767.73	6,739.49	4.39K	-0.04%
2017年2月27日	6,689.90	6,743.96	6,747.22	6,682.37	4.54K	-1.09%
2017年2月28日	6,674.51	6,682.03	6,711.43	6,648.32	3.53K	-0.23%
2017年3月1日	6,686.63	6,672.88	6,712.71	6,667.53	3.82K	0.18%
2017年3月2日	6,648.38	6,691.42	6,694.66	6,639.78	3.80K	-0.57%
2017年3月3日	6,655.09	6,634.73	6,678.83	6,628.75	3.33K	0.10%
2017年3月6日	6,693.55	6,654.30	6,695.04	6,650.73	3.11K	0.58%
2017年3月7日	6,769.29	6,691.28	6,770.58	6,691.28	4.52K	1.13%
2017年3月8日	6,746.57	6,765.10	6,765.25	6,724.04	3.41K	-0.34%
2017年3月9日	6,711.14	6,742.74	6,743.34	6,683.57	3.37K	-0.53%
2017年3月10日	6,710.37	6,710.50	6,772.65	6,702.71	3.47K	-0.01%
2017年3月13日	6,781.78	6,709.56	6,785.61	6,668.80	4.93K	1.06%
2017年3月14日	6,741.62	6,779.29	6,790.55	6,726.35	3.95K	-0.59%
2017年3月15日	6,758.88	6,732.58	6,760.15	6,716.93	3.68K	0.26%
2017年3月16日	6,780.20	6,770.75	6,802.71	6,763.38	4.91K	0.32%
2017年3月17日	6,765.92	6,775.18	6,825.46	6,751.75	4.26K	-0.21%
2017年3月20日	6,809.18	6,769.27	6,811.01	6,757.07	3.76K	0.64%
2017年3月21日	6,920.64	6,811.24	6,922.30	6,805.47	4.99K	1.64%
2017年3月22日	6,896.57	6,873.33	6,909.07	6,815.66	5.07K	-0.35%
2017年3月23日	6,881.00	6,894.17	6,932.21	6,820.01	5.50K	-0.23%
2017年3月24日	6,909.67	6,902.22	6,930.41	6,876.57	5.56K	0.42%
2017年3月27日	6,840.35	6,911.26	6,920.99	6,832.55	4.38K	-1.00%
2017年3月28日	6,815.48	6,841.15	6,841.15	6,795.65	3.76K	-0.36%
2017年3月29日	6,796.97	6,820.32	6,837.60	6,786.46	3.44K	-0.27%
2017年3月30日	6,746.26	6,789.02	6,797.79	6,696.76	4.43K	-0.75%
2017年3月31日	6,757.65	6,749.07	6,760.02	6,720.29	3.09K	0.17%
2017年4月5日	6,861.04	6,762.53	6,862.46	6,762.53	5.57K	1.53%
2017年4月6日	6,854.59	6,845.82	6,855.29	6,802.50	4.44K	-0.09%
2017年4月7日	6,853.45	6,861.74	6,865.84	6,828.06	4.07K	-0.02%
2017年4月10日	6,796.92	6,851.47	6,854.11	6,792.43	386.60M	-0.82%
2017年4月11日	6,788.71	6,777.52	6,809.35	6,697.94	556.70M	-0.12%
2017年4月12日	6,813.96	6,795.77	6,841.64	6,763.54	475.20M	0.37%
2017年4月13日	6,858.76	6,802.35	6,875.50	6,795.70	328.40M	0.66%
2017年4月14日	6,783.05	6,858.67	6,863.37	6,775.73	330.90M	-1.10%
2017年4月17日	6,787.94	6,756.72	6,809.75	6,744.24	350.60M	0.07%
2017年4月18日	6,840.41	6,777.63	6,881.16	6,777.40	448.80M	0.77%
2017年4月19日	6,795.73	6,823.67	6,842.21	6,737.27	454.70M	-0.65%
2017年4月20日	6,919.07	6,793.88	6,964.56	6,793.88	584.20M	1.81%
2017年4月21日	6,842.60	6,922.91	6,931.52	6,827.87	425.00M	-1.11%
2017年4月24日	6,746.45	6,825.02	6,826.32	6,680.84	359.10M	-1.41%
2017年4月25日	6,844.10	6,767.67	6,867.92	6,767.67	294.30M	1.45%
2017年4月26日	6,833.14	6,844.50	6,917.99	6,824.65	323.80M	-0.16%
2017年4月27日	6,829.93	6,797.65	6,833.43	6,725.89	332.20M	-0.05%
2017年4月28日	6,720.70	6,798.36	6,808.41	6,705.87	421.10M	-1.60%
2017年5月2日	6,716.00	6,694.91	6,717.09	6,675.09	334.20M	-0.07%
2017年5月3日	6,721.31	6,704.87	6,753.40	6,684.62	313.50M	0.08%
2017年5月4日	6,700.56	6,704.01	6,733.93	6,681.75	268.20M	-0.31%
2017年5月5日	6,644.67	6,687.85	6,689.19	6,640.27	315.80M	-0.83%
2017年5月8日	6,582.13	6,626.43	6,630.54	6,556.78	377.40M	-0.94%
2017年5月9日	6,540.15	6,526.55	6,543.82	6,451.40	298.00M	-0.64%
2017年5月10日	6,437.47	6,536.68	6,577.64	6,436.62	297.30M	-1.57%
2017年5月11日	6,454.40	6,411.08	6,457.14	6,362.58	419.80M	0.26%
2017年5月12日	6,462.15	6,452.46	6,487.35	6,428.65	271.10M	0.12%
2017年5月15日	6,540.05	6,465.37	6,554.87	6,465.37	301.90M	1.21%
2017年5月16日	6,664.23	6,535.01	6,666.04	6,514.84	369.30M	1.90%
2017年5月17日	6,619.72	6,653.55	6,673.98	6,612.57	304.90M	-0.67%
2017年5月18日	6,620.94	6,584.10	6,648.57	6,574.03	274.80M	0.02%
2017年5月19日	6,698.41	6,613.38	6,701.81	6,613.26	318.70M	1.17%
2017年5月22日	6,684.68	6,685.50	6,753.05	6,647.17	333.70M	-0.20%
2017年5月23日	6,687.24	6,683.01	6,743.77	6,656.75	465.30M	0.04%
2017年5月24日	6,635.07	6,669.03	6,669.03	6,557.48	343.70M	-0.78%
2017年5月25日	6,694.32	6,623.62	6,698.82	6,600.85	336.80M	0.89%
2017年5月26日	6,659.23	6,677.05	6,703.11	6,641.12	454.40M	-0.52%
2017年5月31日	6,635.88	6,705.46	6,735.78	6,627.04	385.60M	-0.35%
2017年6月1日	6,629.83	6,645.82	6,668.23	6,618.22	369.70M	-0.09%
2017年6月2日	6,611.84	6,619.00	6,624.76	6,548.46	329.70M	-0.27%
2017年6月5日	6,611.79	6,604.21	6,622.66	6,591.40	255.30M	-0.00%
2017年6月6日	6,676.19	6,603.17	6,676.47	6,590.72	281.60M	0.97%
2017年6月7日	6,792.68	6,676.34	6,798.17	6,674.77	459.40M	1.74%
2017年6月8日	6,901.23	6,791.80	6,902.95	6,786.24	529.80M	1.60%
2017年6月9日	6,928.47	6,895.44	6,949.06	6,890.57	457.20M	0.39%
2017年6月12日	6,915.76	6,914.09	6,982.03	6,887.98	469.80M	-0.18%
2017年6月13日	6,948.90	6,906.15	6,950.51	6,867.06	373.60M	0.48%
2017年6月14日	6,925.70	6,938.02	6,972.25	6,899.70	454.60M	-0.33%
2017年6月15日	6,892.03	6,915.77	6,932.97	6,850.29	474.10M	-0.49%
2017年6月16日	6,850.84	6,876.48	6,900.27	6,836.43	320.70M	-0.60%
2017年6月19日	6,934.28	6,855.06	6,936.71	6,849.57	324.70M	1.22%
2017年6月20日	6,897.23	6,939.46	6,954.77	6,880.54	316.90M	-0.53%
2017年6月21日	7,030.98	6,927.33	7,038.47	6,884.93	413.10M	1.94%
2017年6月22日	6,967.18	7,018.92	7,061.35	6,961.28	508.10M	-0.91%
2017年6月23日	7,029.41	6,957.61	7,030.07	6,933.35	424.20M	0.89%
2017年6月26日	7,138.02	7,050.08	7,145.38	7,045.09	489.20M	1.55%
2017年6月27日	7,164.15	7,137.48	7,169.57	7,110.36	390.90M	0.37%
2017年6月28日	7,060.29	7,152.65	7,152.65	7,050.64	403.50M	-1.45%
2017年6月29日	7,125.83	7,065.03	7,128.17	7,060.77	343.40M	0.93%
2017年6月30日	7,155.60	7,107.92	7,168.87	7,087.87	348.80M	0.42%
2017年7月3日	7,127.98	7,169.45	7,173.14	7,086.35	420.10M	-0.39%
2017年7月4日	7,035.30	7,101.16	7,103.89	7,020.20	401.50M	-1.30%
2017年7月5日	7,094.38	7,024.26	7,095.23	7,020.76	338.40M	0.84%
2017年7月6日	7,045.95	7,090.04	7,094.93	6,985.36	350.80M	-0.68%
2017年7月7日	6,999.54	7,027.06	7,027.06	6,975.14	372.80M	-0.66%
2017年7月10日	7,054.70	6,997.83	7,068.94	6,985.99	413.50M	0.79%
2017年7月11日	7,093.69	7,043.49	7,148.08	7,043.29	457.20M	0.55%
2017年7月12日	7,034.86	7,092.25	7,093.91	6,990.76	476.40M	-0.83%
2017年7月13日	7,037.15	7,020.24	7,058.00	7,011.18	422.60M	0.03%
2017年7月14日	7,059.03	7,030.26	7,062.99	6,996.83	359.40M	0.31%
2017年7月17日	6,835.91	7,053.10	7,053.56	6,806.37	524.00M	-3.16%
2017年7月18日	6,863.79	6,816.07	6,869.93	6,776.11	360.00M	0.41%
2017年7月19日	6,944.06	6,847.70	6,945.76	6,838.60	486.80M	1.17%
2017年7月20日	7,025.89	6,941.12	7,029.62	6,936.22	516.90M	1.18%
2017年7月21日	7,095.19	7,020.59	7,119.64	7,014.46	490.40M	0.99%
2017年7月24日	7,170.65	7,088.48	7,188.63	7,083.13	570.60M	1.06%
2017年7月25日	7,147.64	7,176.16	7,186.80	7,116.57	435.50M	-0.32%
2017年7月26日	7,082.93	7,136.86	7,165.93	7,034.28	438.40M	-0.91%
2017年7月27日	7,112.47	7,086.29	7,132.18	7,053.32	492.40M	0.42%
2017年7月28日	7,209.17	7,097.22	7,220.84	7,080.24	468.40M	1.36%
2017年7月31日	7,327.00	7,206.88	7,366.68	7,206.88	677.20M	1.63%
2017年8月1日	7,310.64	7,321.83	7,346.42	7,276.15	525.70M	-0.22%
2017年8月2日	7,285.61	7,300.30	7,326.26	7,264.33	446.00M	-0.34%
2017年8月3日	7,260.62	7,287.23	7,320.16	7,243.11	388.30M	-0.34%
2017年8月4日	7,171.30	7,260.08	7,269.87	7,168.19	379.50M	-1.23%
2017年8月7日	7,327.15	7,152.23	7,330.93	7,147.48	358.80M	2.17%
2017年8月8日	7,349.78	7,324.66	7,362.25	7,306.01	452.30M	0.31%
2017年8月9日	7,534.58	7,340.84	7,570.10	7,335.32	609.60M	2.51%
2017年8月10日	7,501.52	7,518.26	7,615.40	7,465.37	533.90M	-0.44%
2017年8月11日	7,355.31	7,454.95	7,489.05	7,348.71	452.00M	-1.95%
2017年8月14日	7,511.53	7,364.01	7,538.27	7,364.01	446.20M	2.12%
2017年8月15日	7,517.38	7,514.03	7,561.35	7,487.79	360.60M	0.08%
2017年8月16日	7,502.03	7,509.89	7,510.93	7,470.68	283.50M	-0.20%
2017年8月17日	7,506.78	7,499.97	7,519.91	7,470.27	317.70M	0.06%
2017年8月18日	7,511.98	7,485.97	7,516.73	7,471.93	363.80M	0.07%
2017年8月21日	7,541.08	7,535.36	7,580.83	7,513.56	442.30M	0.39%
2017年8月22日	7,483.80	7,528.85	7,533.28	7,448.47	439.30M	-0.76%
2017年8月23日	7,485.55	7,471.72	7,508.24	7,454.56	270.50M	0.02%
2017年8月24日	7,385.20	7,480.86	7,481.78	7,368.14	319.50M	-1.34%
2017年8月25日	7,462.26	7,390.40	7,468.62	7,390.40	265.60M	1.04%
2017年8月28日	7,488.54	7,476.95	7,538.69	7,467.70	429.50M	0.35%
2017年8月29日	7,508.20	7,489.60	7,520.69	7,472.35	349.90M	0.26%
2017年8月30日	7,523.51	7,508.64	7,541.12	7,497.56	332.10M	0.20%
2017年8月31日	7,553.80	7,558.01	7,575.10	7,518.87	481.90M	0.40%
2017年9月1日	7,612.42	7,556.94	7,613.18	7,552.97	501.40M	0.78%
2017年9月4日	7,604.33	7,616.52	7,624.81	7,558.89	449.20M	-0.11%
2017年9月5日	7,642.09	7,595.75	7,646.48	7,591.49	399.20M	0.50%
2017年9月6日	7,596.98	7,633.36	7,634.48	7,592.77	329.20M	-0.59%
2017年9月7日	7,530.50	7,595.50	7,596.99	7,524.50	386.80M	-0.88%
2017年9月8日	7,526.83	7,514.15	7,551.77	7,500.60	340.90M	-0.05%
2017年9月11日	7,535.86	7,516.17	7,574.92	7,479.79	419.30M	0.12%
2017年9月12日	7,627.35	7,541.25	7,629.34	7,537.49	494.20M	1.21%
2017年9月13日	7,708.51	7,639.97	7,723.14	7,622.78	488.90M	1.06%
2017年9月14日	7,725.88	7,716.06	7,736.10	7,686.58	422.90M	0.23%
2017年9月15日	7,745.92	7,719.34	7,778.59	7,702.88	461.60M	0.26%
2017年9月18日	7,902.80	7,752.36	7,910.40	7,752.36	466.60M	2.03%
2017年9月19日	7,890.95	7,916.28	7,936.04	7,860.44	559.80M	-0.15%
2017年9月20日	7,955.83	7,892.52	7,966.34	7,889.55	493.40M	0.82%
2017年9月21日	7,931.17	7,963.86	7,964.96	7,906.50	434.30M	-0.31%
2017年9月22日	7,919.66	7,902.91	7,945.88	7,874.48	377.30M	-0.15%
2017年9月25日	7,962.80	7,916.09	7,974.17	7,906.74	363.70M	0.54%
2017年9月26日	7,961.44	7,955.44	7,967.89	7,892.16	293.60M	-0.02%
2017年9月27日	7,939.70	7,954.93	7,975.38	7,926.53	285.10M	-0.27%
2017年9月28日	8,089.65	7,930.59	8,110.66	7,925.78	370.90M	1.89%
2017年9月29日	8,170.04	8,106.92	8,231.32	8,106.92	402.00M	0.99%
2017年10月9日	8,273.80	8,242.69	8,307.99	8,204.49	464.50M	1.27%
2017年10月10日	8,325.50	8,267.76	8,356.65	8,222.90	406.10M	0.62%
2017年10月11日	8,479.93	8,314.14	8,501.23	8,314.14	582.00M	1.85%
2017年10月12日	8,471.90	8,449.83	8,478.72	8,388.51	462.80M	-0.09%
2017年10月13日	8,492.75	8,486.21	8,521.02	8,456.44	494.10M	0.25%
2017年10月16日	8,423.06	8,497.92	8,572.82	8,408.57	592.50M	-0.82%
2017年10月17日	8,444.67	8,417.64	8,469.46	8,369.63	415.10M	0.26%
2017年10月18日	8,537.79	8,432.51	8,539.60	8,425.15	440.80M	1.10%
2017年10月19日	8,629.27	8,522.03	8,640.41	8,503.07	499.30M	1.07%
2017年10月20日	8,554.79	8,575.76	8,580.63	8,502.52	475.70M	-0.86%
2017年10月23日	8,592.99	8,546.48	8,606.80	8,545.55	435.90M	0.45%
2017年10月24日	8,578.93	8,590.94	8,603.59	8,556.15	346.30M	-0.16%
2017年10月25日	8,595.81	8,581.87	8,606.07	8,550.20	320.80M	0.20%
2017年10月26日	8,733.48	8,738.25	8,883.09	8,690.18	541.70M	1.60%
2017年10月27日	8,902.11	8,702.63	8,913.12	8,680.06	427.00M	1.93%
2017年10月30日	8,844.42	8,859.94	8,893.13	8,707.10	581.70M	-0.65%
2017年10月31日	8,814.46	8,793.58	8,852.59	8,731.52	427.20M	-0.34%
2017年11月1日	8,719.38	8,819.88	8,858.78	8,717.23	505.60M	-1.08%
2017年11月2日	8,735.21	8,705.89	8,761.48	8,702.43	405.10M	0.18%
2017年11月3日	8,786.42	8,734.80	8,841.89	8,734.20	413.90M	0.59%
2017年11月6日	9,075.39	8,819.06	9,079.26	8,819.01	527.50M	3.29%
2017年11月7日	9,044.33	9,079.83	9,187.36	8,992.60	517.10M	-0.34%
2017年11月8日	9,034.74	9,055.03	9,110.11	9,000.66	432.10M	-0.11%
2017年11月9日	9,081.83	9,035.76	9,084.82	8,952.67	451.80M	0.52%
2017年11月10日	9,299.63	9,084.11	9,312.64	9,076.21	544.90M	2.40%
2017年11月13日	9,277.18	9,315.15	9,321.31	9,243.39	501.70M	-0.24%
2017年11月14日	9,086.96	9,285.44	9,291.27	9,079.65	509.30M	-2.05%
2017年11月15日	9,133.52	9,098.86	9,192.26	9,050.52	496.40M	0.51%
2017年11月16日	9,325.33	9,122.91	9,335.61	9,116.67	508.30M	2.10%
2017年11月17日	9,093.30	9,224.73	9,255.46	9,055.16	659.20M	-2.49%
2017年11月20日	9,054.15	9,029.16	9,056.14	8,827.15	469.30M	-0.43%
2017年11月21日	9,216.94	9,015.17	9,218.64	9,015.17	539.20M	1.80%
2017年11月22日	9,036.42	9,215.23	9,268.09	8,977.38	510.50M	-1.96%
2017年11月23日	8,662.00	8,982.77	8,982.77	8,659.94	502.70M	-4.14%
2017年11月24日	8,617.88	8,619.84	8,690.33	8,491.18	456.30M	-0.51%
2017年11月27日	8,491.74	8,594.97	8,608.24	8,423.61	402.20M	-1.46%
2017年11月28日	8,635.38	8,480.84	8,643.67	8,477.95	312.70M	1.69%
2017年11月29日	8,521.37	8,656.88	8,669.42	8,460.35	341.30M	-1.32%
2017年11月30日	8,430.70	8,492.09	8,564.91	8,408.93	309.90M	-1.06%
2017年12月1日	8,430.40	8,458.26	8,513.37	8,410.90	275.80M	-0.00%
2017年12月4日	8,598.23	8,396.90	8,655.31	8,374.40	358.40M	1.99%
2017年12月5日	8,503.92	8,562.66	8,654.54	8,470.40	449.60M	-1.10%
2017年12月6日	8,447.16	8,472.77	8,546.61	8,341.21	398.10M	-0.67%
2017年12月7日	8,355.74	8,441.75	8,448.66	8,346.89	266.30M	-1.08%
2017年12月8日	8,548.77	8,342.42	8,565.77	8,342.42	332.00M	2.31%
2017年12月11日	8,796.85	8,557.25	8,797.75	8,556.04	337.43M	2.90%
2017年12月12日	8,743.05	8,810.53	8,825.65	8,740.77	268.24M	-0.61%
2017年12月13日	8,919.70	8,745.94	8,923.05	8,736.08	266.50M	2.02%
2017年12月14日	8,939.04	8,922.53	8,942.18	8,851.50	254.65M	0.22%
2017年12月15日	8,897.96	8,918.28	8,962.16	8,868.10	330.67M	-0.46%
2017年12月18日	8,960.18	8,960.68	9,069.61	8,907.50	785.51M	0.70%
2017年12月19日	9,010.58	8,926.85	9,030.33	8,911.51	449.43M	0.56%
2017年12月20日	9,212.59	9,019.98	9,232.10	8,997.93	669.87M	2.24%
2017年12月21日	9,189.37	9,175.71	9,217.06	9,082.02	522.78M	-0.25%
2017年12月22日	9,178.04	9,171.53	9,231.33	9,138.94	490.53M	-0.12%
2017年12月25日	9,160.10	9,192.61	9,277.18	9,119.57	494.92M	-0.20%
2017年12月26日	9,078.14	9,139.97	9,149.60	8,978.24	427.05M	-0.89%
2017年12月27日	8,926.02	9,053.91	9,066.30	8,905.20	386.93M	-1.68%
2017年12月28日	9,106.46	9,008.57	9,146.94	8,931.99	350.78M	2.02%
2017年12月29日	9,102.78	9,102.01	9,174.88	9,034.69	336.71M	-0.04%
2018年1月2日	9,121.29	9,119.85	9,149.41	9,017.05	402.27M	0.20%
2018年1月3日	9,204.48	9,129.17	9,231.09	9,126.14	482.99M	0.91%
2018年1月4日	9,379.87	9,193.03	9,405.10	9,171.81	530.28M	1.91%
2018年1月5日	9,368.87	9,418.00	9,440.45	9,346.58	396.23M	-0.12%
2018年1月8日	9,358.96	9,326.70	9,391.76	9,251.31	393.55M	-0.11%
2018年1月9日	9,546.58	9,357.68	9,550.99	9,354.19	451.69M	2.00%
2018年1月10日	9,591.90	9,532.55	9,597.82	9,492.75	457.75M	0.47%
2018年1月11日	9,505.71	9,567.92	9,567.92	9,476.01	350.23M	-0.90%
2018年1月12日	9,563.73	9,495.93	9,571.46	9,450.15	333.78M	0.61%
2018年1月15日	9,506.92	9,580.30	9,638.85	9,480.15	443.71M	-0.59%
2018年1月16日	9,695.79	9,489.62	9,783.77	9,467.43	657.72M	1.99%
2018年1月17日	9,581.77	9,706.94	9,718.42	9,540.89	748.15M	-1.18%
2018年1月18日	9,604.44	9,601.18	9,712.50	9,587.64	498.86M	0.24%
2018年1月19日	9,542.07	9,607.29	9,642.50	9,475.54	502.76M	-0.65%
2018年1月22日	9,800.30	9,531.82	9,804.08	9,524.73	578.47M	2.71%
2018年1月23日	9,816.85	9,807.97	9,834.70	9,743.52	520.21M	0.17%
2018年1月24日	9,750.27	9,818.62	9,824.28	9,721.20	315.32M	-0.68%
2018年1月25日	9,685.68	9,767.03	9,804.31	9,641.59	520.50M	-0.66%
2018年1月26日	9,727.18	9,677.09	9,753.11	9,665.87	397.39M	0.43%
2018年1月29日	9,430.53	9,725.91	9,749.92	9,409.27	458.73M	-3.05%
2018年1月30日	9,435.28	9,417.80	9,460.56	9,378.83	391.39M	0.05%
2018年1月31日	9,532.80	9,417.96	9,548.09	9,399.80	379.66M	1.03%
2018年2月1日	9,289.79	9,519.16	9,553.66	9,254.25	530.91M	-2.55%
2018年2月2日	9,262.31	9,211.68	9,299.84	9,070.83	369.91M	-0.30%
2018年2月5日	9,016.03	9,084.20	9,136.38	8,923.00	481.09M	-2.66%
2018年2月6日	8,672.73	8,754.90	8,870.04	8,612.13	649.45M	-3.81%
2018年2月7日	8,512.05	8,811.55	8,841.62	8,508.38	479.14M	-1.85%
2018年2月8日	8,638.38	8,491.69	8,699.85	8,478.01	318.78M	1.48%
2018年2月9日	8,425.66	8,381.18	8,450.39	8,172.20	522.33M	-2.46%
2018年2月12日	8,661.52	8,454.05	8,702.43	8,454.05	328.29M	2.80%
2018年2月13日	8,760.58	8,716.94	8,842.93	8,716.94	322.03M	1.14%
2018年2月14日	8,847.13	8,761.65	8,865.58	8,761.65	240.44M	0.99%
2018年2月22日	9,105.04	8,967.52	9,107.53	8,938.75	306.38M	2.92%
2018年2月23日	9,064.95	9,118.38	9,156.75	9,000.62	310.96M	-0.44%
2018年2月26日	9,126.02	9,114.10	9,154.41	9,003.52	344.18M	0.67%
2018年2月27日	9,016.92	9,159.52	9,159.52	9,004.99	320.92M	-1.20%
2018年2月28日	8,885.75	8,931.10	8,991.47	8,852.57	296.12M	-1.45%
2018年3月1日	8,963.79	8,855.75	9,005.00	8,819.19	265.94M	0.88%
2018年3月2日	8,918.66	8,901.16	8,998.12	8,866.04	266.86M	-0.50%
2018年3月5日	8,848.92	8,927.13	8,961.27	8,811.38	243.17M	-0.78%
2018年3月6日	8,933.66	8,881.69	8,935.56	8,736.78	372.51M	0.96%
2018年3月7日	8,826.70	8,917.78	8,978.55	8,800.03	355.35M	-1.20%
2018年3月8日	8,920.78	8,783.94	8,925.23	8,776.55	359.85M	1.07%
2018年3月9日	9,012.50	8,938.23	9,016.60	8,936.15	363.92M	1.03%
2018年3月12日	9,050.99	9,034.60	9,059.83	8,982.68	471.79M	0.43%
2018年3月13日	8,965.66	9,037.84	9,092.46	8,960.97	357.82M	-0.94%
2018年3月14日	8,985.93	8,944.44	9,001.40	8,913.72	249.59M	0.23%
2018年3月15日	9,159.99	8,977.43	9,172.15	8,966.40	424.38M	1.94%
2018年3月16日	9,049.27	9,183.43	9,192.04	9,048.56	348.79M	-1.21%
2018年3月19日	9,075.15	9,054.54	9,091.70	8,979.82	293.42M	0.29%
2018年3月20日	9,049.61	9,015.55	9,052.75	8,978.68	266.86M	-0.28%
2018年3月21日	9,053.11	9,073.49	9,163.97	9,025.98	369.08M	0.04%
2018年3月22日	8,922.57	9,065.39	9,096.18	8,911.23	522.31M	-1.44%
2018年3月23日	8,718.89	8,665.87	8,855.79	8,587.21	962.96M	-2.28%
2018年3月26日	8,728.35	8,638.77	8,753.45	8,576.96	712.94M	0.11%
2018年3月27日	8,844.52	8,813.71	8,845.56	8,754.76	573.05M	1.33%
2018年3月28日	8,527.12	8,722.79	8,739.20	8,522.20	486.56M	-3.59%
2018年3月29日	8,665.53	8,535.75	8,703.36	8,408.70	370.00M	1.62%
2018年3月30日	8,672.35	8,665.40	8,740.61	8,632.55	328.60M	0.08%
2018年4月2日	8,660.38	8,677.77	8,733.52	8,619.61	407.01M	-0.14%
2018年4月3日	8,687.20	8,601.66	8,711.91	8,574.89	372.93M	0.31%
2018年4月4日	8,927.66	8,738.33	9,023.30	8,738.33	629.93M	2.77%
2018年4月9日	8,813.82	8,905.81	8,908.04	8,761.02	559.51M	-1.28%
2018年4月10日	8,859.36	8,828.34	8,864.31	8,734.55	449.82M	0.52%
2018年4月11日	8,914.37	8,871.27	8,952.23	8,856.66	418.74M	0.62%
2018年4月12日	8,843.14	8,883.31	8,909.68	8,830.01	347.55M	-0.80%
2018年4月13日	8,766.88	8,867.60	8,919.69	8,743.68	249.53M	-0.86%
2018年4月16日	8,723.13	8,745.56	8,818.79	8,668.89	275.39M	-0.50%
2018年4月17日	8,583.76	8,744.66	8,756.58	8,579.94	359.00M	-1.60%
2018年4月18日	8,596.89	8,630.93	8,648.88	8,434.87	427.22M	0.15%
2018年4月19日	8,744.97	8,605.34	8,789.60	8,591.41	408.19M	1.72%
2018年4月20日	8,634.45	8,748.39	8,833.89	8,627.52	389.36M	-1.26%
2018年4月23日	8,635.19	8,605.23	8,698.64	8,543.11	337.98M	0.01%
2018年4月24日	8,816.58	8,665.65	8,868.06	8,665.65	383.06M	2.10%
2018年4月25日	8,854.90	8,792.95	8,864.84	8,754.23	286.52M	0.43%
2018年4月26日	8,665.75	8,856.82	8,856.82	8,635.94	282.71M	-2.14%
2018年4月27日	8,520.81	8,652.03	8,663.04	8,462.93	487.26M	-1.67%
2018年5月2日	8,583.98	8,446.80	8,585.76	8,420.73	414.64M	0.74%
2018年5月3日	8,669.83	8,564.48	8,676.72	8,511.69	383.34M	1.00%
2018年5月4日	8,662.88	8,651.94	8,725.13	8,645.81	337.69M	-0.08%
2018年5月7日	8,993.30	8,652.23	9,002.67	8,651.10	498.24M	3.81%
2018年5月8日	9,112.30	8,999.02	9,125.84	8,984.90	470.21M	1.32%
2018年5月9日	9,088.35	9,091.12	9,106.60	9,031.83	346.99M	-0.26%
2018年5月10日	9,187.67	9,102.29	9,191.74	9,100.48	309.54M	1.09%
2018年5月11日	9,131.26	9,213.72	9,270.19	9,120.59	296.61M	-0.61%
2018年5月14日	9,282.65	9,141.03	9,286.93	9,140.77	339.04M	1.66%
2018年5月15日	9,371.71	9,295.82	9,374.74	9,229.77	322.46M	0.96%
2018年5月16日	9,446.39	9,343.79	9,499.54	9,328.69	465.21M	0.80%
2018年5月17日	9,248.94	9,429.79	9,435.77	9,219.34	325.22M	-2.09%
2018年5月18日	9,297.22	9,230.87	9,317.97	9,134.06	324.22M	0.52%
2018年5月21日	9,313.34	9,335.66	9,365.78	9,267.22	342.98M	0.17%
2018年5月22日	9,395.39	9,310.40	9,396.96	9,295.35	334.12M	0.88%
2018年5月23日	9,237.20	9,382.84	9,389.94	9,235.27	338.81M	-1.68%
2018年5月24日	9,175.84	9,249.48	9,269.70	9,154.35	349.06M	-0.66%
2018年5月25日	9,201.91	9,169.29	9,259.01	9,150.08	346.87M	0.28%
2018年5月28日	9,448.51	9,198.67	9,463.71	9,192.53	385.92M	2.68%
2018年5月29日	9,389.38	9,420.37	9,597.54	9,386.72	515.00M	-0.63%
2018年5月30日	9,409.15	9,269.70	9,541.76	9,166.95	568.36M	0.21%
2018年5月31日	9,773.51	9,497.07	9,802.00	9,483.42	823.06M	3.87%
2018年6月1日	9,535.99	9,716.88	9,793.83	9,476.97	580.77M	-2.43%
2018年6月4日	9,758.02	9,553.45	9,762.72	9,511.38	453.53M	2.33%
2018年6月5日	9,845.23	9,745.86	9,849.52	9,655.89	451.35M	0.89%
2018年6月6日	9,829.83	9,792.06	9,867.05	9,755.24	522.48M	-0.16%
2018年6月7日	9,699.28	9,864.88	9,864.88	9,664.35	430.98M	-1.33%
2018年6月8日	9,595.78	9,683.41	9,726.02	9,534.77	414.63M	-1.07%
2018年6月11日	9,407.47	9,553.79	9,553.79	9,343.64	485.81M	-1.96%
2018年6月12日	9,709.69	9,438.53	9,728.41	9,437.75	467.27M	3.21%
2018年6月13日	9,568.82	9,696.31	9,722.25	9,535.48	311.38M	-1.45%
2018年6月14日	9,438.76	9,561.60	9,594.76	9,377.22	345.12M	-1.36%
2018年6月15日	9,327.01	9,390.79	9,439.92	9,256.40	369.01M	-1.18%
2018年6月19日	8,883.51	9,218.61	9,243.18	8,754.85	568.40M	-4.76%
2018年6月20日	9,085.86	8,855.32	9,110.34	8,855.32	427.79M	2.28%
2018年6月21日	8,995.11	9,082.74	9,231.22	8,992.22	372.55M	-1.00%
2018年6月22日	9,095.30	8,934.36	9,104.85	8,866.02	279.54M	1.11%
2018年6月25日	9,125.55	9,147.82	9,260.97	9,112.45	287.42M	0.33%
2018年6月26日	9,122.91	9,085.21	9,224.25	9,008.43	273.95M	-0.03%
2018年6月27日	8,810.31	9,091.31	9,127.10	8,769.97	348.13M	-3.43%
2018年6月28日	8,640.90	8,712.72	8,797.23	8,569.28	338.42M	-1.92%
2018年6月29日	8,895.88	8,656.19	8,920.81	8,611.37	306.11M	2.95%
2018年7月2日	8,746.21	8,913.32	9,011.83	8,679.54	379.37M	-1.68%
2018年7月3日	8,619.14	8,749.89	8,790.74	8,333.76	379.70M	-1.45%
2018年7月4日	8,562.35	8,579.82	8,684.43	8,538.41	288.77M	-0.66%
2018年7月5日	8,471.70	8,570.74	8,728.37	8,440.82	307.89M	-1.06%
2018年7月6日	8,603.53	8,501.40	8,655.76	8,366.63	399.15M	1.56%
2018年7月9日	8,841.46	8,636.96	8,846.57	8,626.06	330.99M	2.77%
2018年7月10日	8,840.68	8,880.85	8,898.15	8,726.63	258.73M	-0.01%
2018年7月11日	8,766.27	8,682.36	8,801.10	8,610.74	288.21M	-0.84%
2018年7月12日	8,968.36	8,747.81	9,026.57	8,746.67	384.75M	2.31%
2018年7月13日	9,092.30	8,990.88	9,106.59	8,935.97	295.04M	1.38%
2018年7月16日	9,081.44	9,086.91	9,164.49	9,030.39	251.32M	-0.12%
2018年7月17日	8,966.21	9,094.91	9,094.91	8,885.45	230.75M	-1.27%
2018年7月18日	8,913.07	8,958.32	9,009.75	8,901.27	253.55M	-0.59%
2018年7月19日	8,822.97	8,926.15	8,963.14	8,790.12	227.43M	-1.01%
2018年7月20日	8,858.45	8,825.24	8,882.82	8,726.16	243.45M	0.40%
2018年7月23日	8,796.49	8,825.66	8,848.30	8,712.73	341.40M	-0.70%
2018年7月24日	8,985.86	8,809.35	8,997.97	8,747.03	431.39M	2.15%
2018年7月25日	8,943.30	9,009.59	9,010.89	8,922.20	347.26M	-0.47%
2018年7月26日	8,834.25	8,950.19	8,971.13	8,825.98	283.76M	-1.22%
2018年7月27日	8,906.26	8,850.53	8,957.38	8,815.72	288.85M	0.82%
2018年7月30日	8,723.93	8,905.82	8,910.65	8,656.11	301.70M	-2.05%
2018年7月31日	8,747.73	8,702.44	8,767.88	8,686.30	222.96M	0.27%
2018年8月1日	8,569.92	8,779.57	8,802.72	8,562.16	253.54M	-2.03%
2018年8月2日	8,381.61	8,552.15	8,552.15	8,222.17	344.98M	-2.20%
2018年8月3日	8,196.16	8,377.53	8,383.57	8,192.23	255.49M	-2.21%
2018年8月6日	8,008.59	8,164.35	8,229.69	7,959.63	322.39M	-2.29%
2018年8月7日	8,208.24	8,026.81	8,209.81	7,938.98	303.48M	2.49%
2018年8月8日	8,061.61	8,211.39	8,221.69	8,027.74	331.13M	-1.79%
2018年8月9日	8,302.00	8,045.44	8,329.13	8,024.90	364.17M	2.98%
2018年8月10日	8,316.18	8,293.19	8,416.41	8,277.10	335.93M	0.17%
2018年8月13日	8,279.35	8,238.20	8,299.20	8,140.19	253.89M	-0.44%
2018年8月14日	8,249.53	8,289.36	8,325.68	8,204.19	255.95M	-0.36%
2018年8月15日	8,012.66	8,240.41	8,256.51	7,996.26	272.99M	-2.87%
2018年8月16日	7,903.64	7,893.44	8,084.50	7,809.27	261.43M	-1.36%
2018年8月17日	7,722.65	7,985.89	8,008.17	7,702.46	260.59M	-2.29%
2018年8月20日	7,731.53	7,688.95	7,734.87	7,580.71	277.72M	0.11%
2018年8月21日	7,995.98	7,733.07	8,001.37	7,730.90	341.53M	3.42%
2018年8月22日	7,921.77	7,962.13	7,974.68	7,892.14	237.44M	-0.93%
2018年8月23日	7,973.86	7,948.34	8,014.94	7,885.58	251.21M	0.66%
2018年8月24日	7,927.10	7,959.21	7,986.29	7,876.60	181.19M	-0.59%
2018年8月27日	8,179.98	7,967.03	8,188.31	7,967.03	356.69M	3.19%
2018年8月28日	8,157.43	8,207.23	8,207.32	8,124.38	276.56M	-0.28%
2018年8月29日	8,128.98	8,154.46	8,156.23	8,097.72	224.81M	-0.35%
2018年8月30日	8,037.10	8,121.80	8,181.28	8,028.87	238.17M	-1.13%
2018年8月31日	7,889.72	7,914.59	7,940.32	7,793.39	392.69M	-1.83%
2018年9月3日	7,848.81	7,851.17	7,873.77	7,758.22	321.69M	-0.52%
2018年9月4日	7,916.30	7,858.45	7,938.65	7,802.86	300.01M	0.86%
2018年9月5日	7,778.37	7,887.38	7,912.91	7,775.68	281.03M	-1.74%
2018年9月6日	7,625.43	7,738.63	7,804.88	7,598.54	280.36M	-1.97%
2018年9月7日	7,687.37	7,646.53	7,775.44	7,616.71	263.10M	0.81%
2018年9月10日	7,591.84	7,708.70	7,712.12	7,582.55	248.77M	-1.24%
2018年9月11日	7,623.70	7,599.52	7,675.24	7,562.72	220.35M	0.42%
2018年9月12日	7,527.52	7,609.30	7,629.67	7,519.84	202.64M	-1.26%
2018年9月13日	7,570.91	7,609.00	7,640.60	7,435.83	217.31M	0.58%
2018年9月14日	7,630.99	7,600.37	7,686.01	7,532.78	232.79M	0.79%
2018年9月17日	7,588.43	7,609.58	7,681.74	7,578.91	227.17M	-0.56%
2018年9月18日	7,753.16	7,551.02	7,753.32	7,543.82	270.87M	2.17%
2018年9月19日	7,900.91	7,736.51	7,953.04	7,712.56	328.79M	1.91%
2018年9月20日	7,896.35	7,901.25	7,949.70	7,860.35	196.02M	-0.06%
2018年9月21日	8,172.02	7,937.94	8,173.56	7,937.94	352.97M	3.49%
2018年9月25日	8,125.52	8,103.05	8,169.01	8,073.37	233.90M	-0.57%
2018年9月26日	8,352.55	8,155.73	8,429.03	8,155.73	394.43M	2.79%
2018年9月27日	8,323.95	8,361.98	8,380.02	8,272.30	255.34M	-0.34%
2018年9月28日	8,402.72	8,345.34	8,408.37	8,288.92	274.00M	0.95%
2018年10月8日	7,981.40	8,229.11	8,229.45	7,974.85	321.84M	-5.01%
2018年10月9日	8,037.92	7,986.47	8,092.07	7,986.40	242.50M	0.71%
2018年10月10日	7,915.92	8,064.44	8,097.06	7,870.68	287.68M	-1.52%
2018年10月11日	7,577.65	7,626.32	7,827.34	7,484.36	407.95M	-4.27%
2018年10月12日	7,747.31	7,593.46	7,770.75	7,529.14	328.90M	2.24%
2018年10月15日	7,654.07	7,710.69	7,789.54	7,604.48	262.12M	-1.20%
2018年10月16日	7,562.60	7,645.85	7,721.07	7,531.31	239.08M	-1.20%
2018年10月17日	7,448.12	7,658.79	7,679.42	7,299.50	322.05M	-1.51%
2018年10月18日	7,313.76	7,395.98	7,433.22	7,273.12	263.58M	-1.80%
2018年10月19日	7,589.88	7,255.50	7,589.88	7,241.23	298.17M	3.78%
2018年10月22日	7,938.66	7,704.12	8,012.70	7,704.12	439.71M	4.60%
2018年10月23日	7,597.56	7,935.36	7,935.36	7,515.28	383.06M	-4.30%
2018年10月24日	7,442.16	7,534.69	7,597.11	7,386.31	375.99M	-2.05%
2018年10月25日	7,314.12	7,234.52	7,348.99	7,158.11	320.57M	-1.72%
2018年10月26日	7,106.14	7,317.63	7,354.85	7,072.70	304.72M	-2.84%
2018年10月29日	6,594.76	6,871.25	6,871.25	6,593.00	389.17M	-7.20%
2018年10月30日	6,577.01	6,503.59	6,678.91	6,393.69	413.21M	-0.27%
2018年10月31日	6,837.52	6,605.82	6,842.07	6,601.82	442.87M	3.96%
2018年11月1日	6,921.06	6,897.32	7,067.31	6,887.49	424.88M	1.22%
2018年11月2日	7,253.42	7,118.59	7,268.17	7,034.17	516.90M	4.80%
2018年11月5日	7,150.01	7,227.30	7,227.30	7,086.96	338.93M	-1.43%
2018年11月6日	7,107.17	7,150.46	7,150.46	7,012.32	318.25M	-0.60%
2018年11月7日	7,113.98	7,119.04	7,215.69	7,066.35	275.03M	0.10%
2018年11月8日	7,091.68	7,189.89	7,205.78	7,079.21	233.88M	-0.31%
2018年11月9日	7,064.90	7,061.83	7,111.35	7,021.06	187.11M	-0.38%
2018年11月12日	7,121.81	7,035.16	7,130.69	6,944.48	272.11M	0.81%
2018年11月13日	7,246.82	7,028.25	7,269.07	7,016.86	374.18M	1.76%
2018年11月14日	7,128.99	7,245.36	7,245.36	7,122.08	292.09M	-1.63%
2018年11月15日	7,173.28	7,116.27	7,184.33	7,115.27	258.18M	0.62%
2018年11月16日	7,200.84	7,194.40	7,260.00	7,153.62	312.22M	0.38%
2018年11月19日	7,272.31	7,200.75	7,287.80	7,173.95	323.74M	0.99%
2018年11月20日	7,127.63	7,221.58	7,257.00	7,121.59	293.60M	-1.99%
2018年11月21日	7,190.61	7,059.97	7,212.36	7,038.15	252.88M	0.88%
2018年11月22日	7,178.41	7,196.13	7,213.13	7,136.25	177.21M	-0.17%
2018年11月23日	7,016.14	7,159.58	7,165.67	7,007.16	215.28M	-2.26%
2018年11月26日	6,989.64	7,030.75	7,044.23	6,975.51	158.03M	-0.38%
2018年11月27日	6,994.87	7,020.13	7,045.43	6,974.40	159.17M	0.07%
2018年11月28日	7,106.41	7,010.41	7,111.34	6,976.49	221.27M	1.59%
2018年11月29日	7,066.55	7,161.05	7,205.10	7,066.55	238.60M	-0.56%
2018年11月30日	7,180.04	7,077.25	7,201.42	7,056.83	248.16M	1.61%
2018年12月3日	7,466.71	7,396.87	7,506.86	7,331.51	394.74M	3.99%
2018年12月4日	7,488.23	7,463.42	7,492.52	7,408.37	256.16M	0.29%
2018年12月5日	7,524.69	7,377.34	7,564.56	7,363.26	383.20M	0.49%
2018年12月6日	7,364.73	7,449.73	7,511.17	7,345.04	336.60M	-2.13%
2018年12月7日	7,340.35	7,391.00	7,409.17	7,322.78	215.86M	-0.33%
2018年12月10日	7,295.23	7,256.62	7,364.44	7,253.69	291.94M	-0.61%
2018年12月11日	7,370.64	7,304.10	7,370.64	7,297.64	213.77M	1.03%
2018年12月12日	7,439.41	7,413.60	7,458.22	7,373.17	210.87M	0.93%
2018年12月13日	7,576.92	7,444.13	7,620.14	7,412.28	286.74M	1.85%
2018年12月14日	7,481.90	7,540.96	7,561.71	7,480.19	294.27M	-1.25%
2018年12月17日	7,450.87	7,454.06	7,486.53	7,378.69	212.95M	-0.41%
2018年12月18日	7,365.77	7,393.60	7,429.92	7,299.34	220.50M	-1.14%
2018年12月19日	7,251.22	7,361.73	7,399.26	7,230.30	226.43M	-1.56%
2018年12月20日	7,248.46	7,220.07	7,286.02	7,173.69	212.24M	-0.04%
2018年12月21日	7,182.76	7,229.66	7,260.52	7,123.93	258.48M	-0.91%
2018年12月24日	7,276.91	7,173.96	7,278.77	7,116.32	251.20M	1.31%
2018年12月25日	7,256.91	7,195.42	7,293.96	7,123.74	281.19M	-0.27%
2018年12月26日	7,216.06	7,250.53	7,300.49	7,213.08	197.98M	-0.56%
2018年12月27日	7,233.59	7,312.68	7,335.09	7,231.22	225.36M	0.24%
2018年12月28日	7,349.07	7,222.33	7,371.30	7,183.87	250.63M	1.60%
2019年1月2日	7,280.21	7,393.58	7,410.14	7,250.96	186.16M	-0.94%
2019年1月3日	7,123.00	7,286.33	7,291.90	7,085.48	218.40M	-2.16%
2019年1月4日	7,239.22	7,047.68	7,254.06	7,042.05	234.45M	1.63%
2019年1月7日	7,325.31	7,287.05	7,327.93	7,253.23	262.69M	1.19%
2019年1月8日	7,292.96	7,308.51	7,324.35	7,253.34	215.79M	-0.44%
2019年1月9日	7,373.75	7,336.09	7,499.82	7,321.68	304.56M	1.11%
2019年1月10日	7,382.73	7,365.19	7,427.33	7,311.65	246.32M	0.12%
2019年1月11日	7,485.58	7,394.02	7,485.58	7,361.42	215.49M	1.39%
2019年1月14日	7,413.11	7,455.92	7,468.31	7,392.00	211.18M	-0.97%
2019年1月15日	7,736.12	7,429.52	7,742.66	7,409.88	324.02M	4.36%
2019年1月16日	7,743.51	7,725.71	7,769.99	7,694.35	299.74M	0.10%
2019年1月17日	7,738.91	7,763.48	7,821.44	7,712.49	257.28M	-0.06%
2019年1月18日	7,862.45	7,767.60	7,892.89	7,760.18	325.35M	1.60%
2019年1月21日	7,950.78	7,881.69	8,024.20	7,881.69	328.67M	1.12%
2019年1月22日	7,817.97	7,928.70	7,928.70	7,786.08	240.08M	-1.67%
2019年1月23日	7,803.15	7,807.07	7,857.72	7,779.25	215.39M	-0.19%
2019年1月24日	7,879.06	7,832.40	7,909.66	7,795.42	317.67M	0.97%
2019年1月25日	7,919.23	7,912.38	7,989.12	7,854.11	276.52M	0.51%
2019年1月28日	7,914.34	7,959.70	8,066.92	7,892.75	275.94M	-0.06%
2019年1月29日	7,951.64	7,913.39	7,974.47	7,827.40	273.36M	0.47%
2019年1月30日	7,865.12	7,936.72	7,972.46	7,863.36	232.94M	-1.09%
2019年1月31日	7,875.34	7,873.03	7,915.64	7,817.04	282.93M	0.13%
2019年2月1日	8,015.47	7,919.59	8,020.57	7,909.04	274.90M	1.78%
2019年2月11日	8,225.35	8,013.25	8,233.57	7,987.21	326.89M	2.62%
2019年2月12日	8,240.75	8,217.74	8,264.97	8,175.48	357.43M	0.19%
2019年2月13日	8,361.50	8,258.82	8,383.47	8,242.13	415.86M	1.47%
2019年2月14日	8,467.86	8,345.00	8,493.95	8,313.77	356.23M	1.27%
2019年2月15日	8,329.80	8,430.13	8,433.27	8,325.70	314.21M	-1.63%
2019年2月18日	8,578.05	8,402.81	8,590.97	8,402.81	398.63M	2.98%
2019年2月19日	8,479.91	8,607.10	8,635.89	8,422.37	408.10M	-1.14%
2019年2月20日	8,435.73	8,535.90	8,572.30	8,362.05	394.18M	-0.52%
2019年2月21日	8,398.38	8,445.87	8,527.79	8,377.89	405.73M	-0.44%
2019年2月22日	8,512.56	8,385.93	8,512.56	8,336.93	375.32M	1.36%
2019年2月25日	8,787.92	8,551.85	8,793.39	8,501.92	702.89M	3.23%
2019年2月26日	8,655.01	8,766.02	8,786.47	8,654.90	627.40M	-1.51%
2019年2月27日	8,683.86	8,679.81	8,849.47	8,625.90	626.41M	0.33%
2019年2月28日	8,765.46	8,711.35	8,825.36	8,664.05	482.84M	0.94%
2019年3月1日	8,972.88	8,845.19	8,972.88	8,825.78	466.71M	2.37%
2019年3月4日	9,022.78	9,026.48	9,173.57	8,942.92	700.09M	0.56%
2019年3月5日	9,018.89	9,021.78	9,069.05	8,935.27	548.68M	-0.04%
2019年3月6日	8,957.26	9,003.17	9,007.34	8,876.80	624.09M	-0.68%
2019年3月7日	8,806.12	8,912.43	8,912.43	8,732.68	650.71M	-1.69%
2019年3月8日	8,591.85	8,674.46	8,754.53	8,587.06	612.63M	-2.43%
2019年3月11日	8,831.98	8,576.36	8,844.88	8,576.36	565.59M	2.79%
2019年3月12日	8,821.43	8,871.62	8,924.13	8,750.15	641.73M	-0.12%
2019年3月13日	8,740.16	8,789.44	8,827.74	8,700.55	531.58M	-0.92%
2019年3月14日	8,787.41	8,719.74	8,868.70	8,675.75	479.54M	0.54%
2019年3月15日	8,938.13	8,815.91	9,011.40	8,767.88	537.82M	1.72%
2019年3月18日	9,389.18	8,964.96	9,400.61	8,964.96	740.69M	5.05%
2019年3月19日	9,244.03	9,376.52	9,401.04	9,204.08	480.19M	-1.55%
2019年3月20日	9,250.69	9,227.74	9,356.78	9,162.35	499.89M	0.07%
2019年3月21日	9,198.29	9,227.40	9,254.35	9,152.21	469.89M	-0.57%
2019年3月22日	9,258.63	9,223.37	9,302.69	9,134.72	457.23M	0.66%
2019年3月25日	9,041.41	9,108.89	9,205.69	9,033.23	526.80M	-2.35%
2019年3月26日	9,016.21	9,106.49	9,185.06	8,991.90	485.42M	-0.28%
2019年3月27日	9,273.76	9,068.67	9,275.30	9,015.52	488.86M	2.86%
2019年3月28日	9,293.97	9,267.08	9,359.02	9,229.41	476.39M	0.22%
2019年3月29日	9,660.65	9,358.78	9,706.65	9,358.78	676.77M	3.95%
2019年4月1日	9,874.35	9,740.36	9,904.47	9,729.03	729.96M	2.21%
2019年4月2日	9,808.73	9,888.76	9,888.76	9,763.40	615.93M	-0.66%
2019年4月3日	9,862.37	9,751.75	9,893.40	9,736.75	552.27M	0.55%
2019年4月4日	9,974.20	9,858.63	9,994.29	9,830.46	572.42M	1.13%
2019年4月8日	9,975.19	10,052.28	10,167.14	9,894.41	669.16M	0.01%
2019年4月9日	10,074.42	10,077.21	10,094.96	9,962.70	579.58M	0.99%
2019年4月10日	10,265.62	10,061.10	10,337.45	9,987.97	601.74M	1.90%
2019年4月11日	9,944.78	10,260.46	10,261.77	9,902.92	641.75M	-3.13%
2019年4月12日	9,899.37	9,873.29	9,977.82	9,845.66	419.53M	-0.46%
2019年4月15日	9,803.52	10,044.34	10,080.71	9,803.40	547.45M	-0.97%
2019年4月16日	10,002.21	9,785.62	10,002.21	9,727.05	441.20M	2.03%
2019年4月17日	10,078.61	10,002.34	10,117.21	9,971.22	455.87M	0.76%
2019年4月18日	10,176.08	10,091.84	10,223.42	10,074.44	454.89M	0.97%
2019年4月19日	10,199.71	10,195.56	10,205.58	10,051.71	369.46M	0.23%
2019年4月22日	10,119.95	10,239.95	10,372.29	10,096.56	411.70M	-0.78%
2019年4月23日	10,142.19	10,107.83	10,216.98	9,990.30	412.71M	0.22%
2019年4月24日	10,165.48	10,183.73	10,254.79	10,033.12	339.22M	0.23%
2019年4月25日	10,015.40	10,160.11	10,178.00	9,992.66	391.94M	-1.48%
2019年4月26日	9,941.90	9,996.08	10,131.95	9,936.19	510.70M	-0.73%
2019年4月29日	10,136.91	9,952.50	10,300.55	9,878.42	566.60M	1.96%
2019年4月30日	10,219.67	10,089.25	10,257.68	10,089.25	376.42M	0.82%
2019年5月6日	9,732.52	9,914.45	9,955.63	9,629.24	642.75M	-4.77%
2019年5月7日	10,014.86	9,706.99	10,072.80	9,705.76	607.48M	2.90%
2019年5月8日	9,891.40	9,813.04	10,079.25	9,796.17	618.23M	-1.23%
2019年5月9日	9,621.74	9,758.05	9,788.77	9,521.68	518.49M	-2.73%
2019年5月10日	10,015.53	9,746.68	10,022.49	9,645.87	603.65M	4.09%
2019年5月13日	10,012.72	9,889.75	10,094.53	9,814.21	508.69M	-0.03%
2019年5月14日	9,909.09	9,855.90	10,034.29	9,855.90	434.14M	-1.03%
2019年5月15日	10,332.29	9,986.26	10,363.83	9,986.26	610.55M	4.27%
2019年5月16日	10,426.90	10,287.80	10,427.23	10,252.54	591.13M	0.92%
2019年5月17日	10,195.24	10,398.43	10,440.51	10,159.87	659.41M	-2.22%
2019年5月20日	10,010.72	10,164.40	10,164.40	9,866.60	552.06M	-1.81%
2019年5月21日	10,088.84	10,010.54	10,178.49	9,926.09	410.12M	0.78%
2019年5月22日	10,078.75	10,074.63	10,160.46	9,961.23	415.20M	-0.10%
2019年5月23日	9,833.39	10,004.29	10,020.97	9,812.33	401.14M	-2.43%
2019年5月24日	9,884.34	9,845.68	9,996.74	9,811.82	296.61M	0.52%
2019年5月27日	9,970.95	9,893.01	9,992.43	9,744.60	349.65M	0.88%
2019年5月28日	10,117.24	9,968.50	10,168.01	9,934.92	401.23M	1.47%
2019年5月29日	10,117.76	10,021.86	10,165.89	9,990.61	393.18M	0.01%
2019年5月30日	10,161.40	10,094.36	10,218.94	10,025.71	470.81M	0.43%
2019年5月31日	10,108.08	10,170.75	10,221.95	10,039.56	414.83M	-0.52%
2019年6月3日	10,152.26	10,104.83	10,244.31	10,072.35	522.78M	0.44%
2019年6月4日	9,971.99	10,161.87	10,178.43	9,910.19	442.92M	-1.78%
2019年6月5日	9,994.21	10,058.03	10,083.29	9,958.93	465.60M	0.22%
2019年6月6日	9,844.34	10,009.60	10,011.42	9,825.89	440.68M	-1.50%
2019年6月10日	10,058.82	9,871.45	10,080.76	9,784.73	428.01M	2.18%
2019年6月11日	10,443.13	10,080.46	10,452.59	10,080.46	645.65M	3.82%
2019年6月12日	10,329.07	10,401.45	10,413.69	10,295.63	526.33M	-1.09%
2019年6月13日	10,315.74	10,342.77	10,345.93	10,206.95	386.34M	-0.13%
2019年6月14日	10,244.82	10,328.39	10,427.16	10,219.36	383.00M	-0.69%
2019年6月17日	10,179.83	10,195.94	10,286.85	10,114.06	321.94M	-0.63%
2019年6月18日	10,210.78	10,189.01	10,234.25	10,117.17	318.76M	0.30%
2019年6月19日	10,303.57	10,365.92	10,445.12	10,292.92	401.21M	0.91%
2019年6月20日	10,626.05	10,299.05	10,689.59	10,282.02	522.02M	3.13%
2019年6月21日	10,597.62	10,605.19	10,705.00	10,532.54	456.80M	-0.27%
2019年6月24日	10,668.97	10,598.21	10,729.08	10,528.17	458.26M	0.67%
2019年6月25日	10,635.90	10,661.21	10,689.93	10,468.38	445.64M	-0.31%
2019年6月26日	10,661.34	10,599.37	10,668.43	10,550.02	338.92M	0.24%
2019年6月27日	10,823.86	10,689.77	10,866.84	10,670.95	404.29M	1.52%
2019年6月28日	10,817.28	10,801.82	10,817.28	10,712.07	330.38M	-0.06%
2019年7月1日	11,172.54	10,981.16	11,185.74	10,925.36	460.10M	3.28%
2019年7月2日	11,117.75	11,156.82	11,156.82	11,023.84	406.45M	-0.49%
2019年7月3日	10,913.43	11,038.35	11,131.93	10,850.38	506.68M	-1.84%
2019年7月4日	10,685.69	10,888.45	10,924.79	10,628.28	416.88M	-2.09%
2019年7月5日	10,863.40	10,749.78	10,897.11	10,691.31	429.17M	1.66%
2019年7月8日	10,652.06	10,827.70	10,827.70	10,544.47	451.39M	-1.95%
2019年7月9日	10,672.17	10,625.65	10,737.57	10,613.02	385.49M	0.19%
2019年7月10日	10,680.96	10,721.13	10,746.54	10,648.20	295.76M	0.08%
2019年7月11日	10,637.42	10,735.87	10,779.94	10,609.25	335.04M	-0.41%
2019年7月12日	10,703.85	10,645.12	10,741.85	10,634.91	284.13M	0.62%
2019年7月15日	10,635.66	10,643.23	10,688.73	10,449.56	354.84M	-0.64%
2019年7月16日	10,476.72	10,627.65	10,646.64	10,453.87	289.36M	-1.49%
2019年7月17日	10,452.93	10,455.56	10,528.13	10,411.42	273.81M	-0.23%
2019年7月18日	10,334.52	10,456.51	10,458.05	10,331.93	343.51M	-1.13%
2019年7月19日	10,424.04	10,372.34	10,494.14	10,353.52	288.86M	0.87%
2019年7月22日	10,354.52	10,446.62	10,475.11	10,319.94	307.59M	-0.67%
2019年7月23日	10,384.20	10,369.68	10,402.86	10,270.43	318.09M	0.29%
2019年7月24日	10,408.74	10,428.14	10,466.11	10,381.92	303.80M	0.24%
2019年7月25日	10,467.58	10,401.04	10,467.58	10,315.79	301.04M	0.57%
2019年7月26日	10,491.84	10,427.99	10,507.32	10,398.91	277.90M	0.23%
2019年7月29日	10,541.36	10,499.33	10,554.45	10,467.08	263.11M	0.47%
2019年7月30日	10,508.92	10,555.02	10,591.15	10,498.24	279.90M	-0.31%
2019年7月31日	10,395.13	10,478.82	10,544.34	10,390.55	249.73M	-1.08%
2019年8月1日	10,255.04	10,385.26	10,386.29	10,206.24	270.76M	-1.35%
2019年8月2日	10,200.56	10,060.87	10,222.43	10,046.63	300.85M	-0.53%
2019年8月5日	10,049.94	10,122.15	10,212.05	10,048.34	283.73M	-1.48%
2019年8月6日	9,878.33	9,893.35	9,926.75	9,731.11	586.24M	-1.71%
2019年8月7日	9,902.44	9,904.02	9,953.03	9,861.76	373.75M	0.24%
2019年8月8日	10,068.56	9,955.28	10,095.29	9,947.67	324.50M	1.68%
2019年8月9日	9,973.18	10,123.01	10,134.41	9,941.45	392.69M	-0.95%
2019年8月12日	10,130.78	10,092.55	10,140.26	10,016.54	418.65M	1.58%
2019年8月13日	10,127.36	10,082.29	10,144.60	10,066.52	303.20M	-0.03%
2019年8月14日	10,201.73	10,224.85	10,258.74	10,177.72	313.91M	0.73%
2019年8月15日	10,192.27	10,041.36	10,198.94	10,034.52	296.80M	-0.09%
2019年8月16日	10,395.26	10,231.38	10,484.23	10,206.70	350.92M	1.99%
2019年8月19日	10,523.96	10,439.95	10,534.97	10,397.07	420.97M	1.24%
2019年8月20日	10,597.04	10,509.84	10,604.11	10,491.43	358.36M	0.69%
2019年8月21日	10,547.80	10,567.88	10,607.68	10,532.97	390.25M	-0.46%
2019年8月22日	10,682.00	10,588.30	10,684.03	10,571.39	343.74M	1.27%
2019年8月23日	10,821.24	10,689.81	10,835.87	10,631.15	316.94M	1.30%
2019年8月26日	10,656.23	10,669.41	10,716.95	10,607.65	327.75M	-1.52%
2019年8月27日	10,769.04	10,703.10	10,858.08	10,700.38	423.61M	1.06%
2019年8月28日	10,830.92	10,773.33	10,871.61	10,690.31	404.95M	0.57%
2019年8月29日	10,855.48	10,844.41	10,887.07	10,765.36	315.37M	0.23%
2019年8月30日	10,948.27	10,880.84	11,035.71	10,825.77	434.31M	0.85%
2019年9月2日	11,000.40	10,940.81	11,008.78	10,880.40	380.50M	0.48%
2019年9月3日	10,943.11	10,990.27	11,050.12	10,878.02	381.77M	-0.52%
2019年9月4日	10,869.58	10,928.40	10,951.65	10,777.65	356.17M	-0.67%
2019年9月5日	10,911.23	10,895.81	10,982.53	10,873.53	463.20M	0.38%
2019年9月6日	10,864.68	10,933.38	10,941.38	10,802.76	344.44M	-0.43%
2019年9月9日	10,912.33	10,954.39	10,963.03	10,874.24	436.35M	0.44%
2019年9月10日	10,916.40	10,932.00	10,962.58	10,842.11	449.89M	0.04%
2019年9月11日	10,654.77	10,931.96	10,933.83	10,651.24	417.64M	-2.40%
2019年9月12日	10,773.44	10,675.79	10,786.18	10,660.77	358.52M	1.11%
2019年9月16日	10,720.41	10,752.06	10,769.33	10,674.58	344.13M	-0.49%
2019年9月17日	10,581.27	10,689.68	10,698.60	10,557.03	330.93M	-1.30%
2019年9月18日	10,862.83	10,618.84	10,894.82	10,618.84	370.88M	2.66%
2019年9月19日	10,826.63	10,880.15	10,880.15	10,759.81	324.07M	-0.33%
2019年9月20日	10,885.14	10,846.26	10,910.51	10,825.20	329.11M	0.54%
2019年9月23日	10,749.93	10,866.66	10,866.66	10,687.18	335.77M	-1.24%
2019年9月24日	10,878.23	10,788.25	10,961.51	10,774.68	364.96M	1.19%
2019年9月25日	10,804.26	10,857.80	10,888.68	10,781.71	387.15M	-0.68%
2019年9月26日	10,725.20	10,842.08	10,890.42	10,699.36	342.18M	-0.73%
2019年9月27日	10,714.99	10,735.92	10,784.54	10,581.76	256.19M	-0.10%
2019年9月30日	10,654.69	10,685.50	10,757.27	10,654.69	220.84M	-0.56%
2019年10月8日	10,718.71	10,654.56	10,826.70	10,654.56	244.05M	0.60%
2019年10月9日	10,680.23	10,716.52	10,719.94	10,577.54	221.95M	-0.36%
2019年10月10日	10,753.24	10,633.46	10,771.15	10,555.70	239.27M	0.68%
2019年10月11日	10,759.89	10,770.80	10,840.06	10,680.24	247.24M	0.06%
2019年10月14日	10,815.41	10,830.06	10,885.82	10,757.15	332.29M	0.52%
2019年10月15日	10,894.35	10,810.98	10,906.94	10,772.32	271.97M	0.73%
2019年10月16日	10,737.05	10,799.75	10,813.00	10,720.87	291.33M	-1.44%
2019年10月17日	10,721.00	10,745.96	10,774.83	10,665.25	212.32M	-0.15%
2019年10月18日	10,614.92	10,707.53	10,747.88	10,588.14	251.16M	-0.99%
2019年10月21日	10,600.58	10,614.83	10,667.46	10,559.59	221.34M	-0.14%
2019年10月22日	10,656.95	10,648.58	10,668.05	10,570.20	224.61M	0.53%
2019年10月23日	10,552.91	10,641.96	10,712.92	10,532.50	252.48M	-0.98%
2019年10月24日	10,374.29	10,554.53	10,557.58	10,344.40	356.46M	-1.69%
2019年10月25日	10,532.25	10,385.29	10,545.97	10,349.81	302.88M	1.52%
2019年10月28日	10,671.96	10,541.78	10,695.17	10,541.75	328.56M	1.33%
2019年10月29日	10,749.40	10,671.87	10,777.89	10,659.62	321.15M	0.73%
2019年10月30日	10,696.66	10,740.33	10,748.75	10,626.82	318.16M	-0.49%
2019年10月31日	10,775.37	10,821.42	10,853.94	10,754.49	392.98M	0.74%
2019年11月1日	10,894.82	10,783.33	10,913.54	10,718.31	332.33M	1.11%
2019年11月4日	10,962.17	10,922.07	11,034.99	10,921.16	293.08M	0.62%
2019年11月5日	11,046.47	10,991.45	11,098.05	10,942.47	327.08M	0.77%
2019年11月6日	10,969.06	11,056.10	11,062.61	10,945.33	287.75M	-0.70%
2019年11月7日	11,030.27	10,994.92	11,048.49	10,959.81	260.69M	0.56%
2019年11月8日	11,012.39	11,092.50	11,140.86	11,000.40	319.93M	-0.16%
2019年11月11日	10,868.78	10,979.46	11,001.08	10,847.02	304.94M	-1.30%
2019年11月12日	10,914.87	10,907.17	10,926.43	10,800.62	269.98M	0.42%
2019年11月13日	10,990.32	10,964.39	11,011.23	10,897.73	246.12M	0.69%
2019年11月14日	11,015.50	11,021.46	11,073.91	10,956.21	263.18M	0.23%
2019年11月15日	10,953.96	11,020.25	11,042.64	10,946.97	228.69M	-0.56%
2019年11月18日	10,972.37	10,952.55	10,981.92	10,870.62	245.35M	0.17%
2019年11月19日	11,077.19	10,982.04	11,083.51	10,976.16	288.47M	0.96%
2019年11月20日	11,069.57	11,073.28	11,134.30	11,044.27	250.25M	-0.07%
2019年11月21日	11,018.97	11,059.26	11,065.16	10,960.06	174.11M	-0.46%
2019年11月22日	10,828.73	11,023.47	11,071.84	10,745.38	276.72M	-1.73%
2019年11月25日	10,795.63	10,829.63	10,829.63	10,651.19	230.54M	-0.31%
2019年11月26日	10,848.97	10,833.89	10,896.42	10,815.38	249.30M	0.49%
2019年11月27日	10,823.91	10,862.90	10,879.17	10,787.75	317.05M	-0.23%
2019年11月28日	10,790.62	10,843.80	10,884.38	10,764.32	243.41M	-0.31%
2019年11月29日	10,596.32	10,756.89	10,771.39	10,497.31	247.46M	-1.80%
2019年12月2日	10,625.38	10,580.95	10,667.60	10,580.95	256.90M	0.27%
2019年12月3日	10,624.08	10,613.58	10,631.82	10,513.49	236.72M	-0.01%
2019年12月4日	10,589.99	10,680.50	10,685.83	10,555.52	259.78M	-0.32%
2019年12月5日	10,646.90	10,582.25	10,662.61	10,576.87	289.45M	0.54%
2019年12月6日	10,793.64	10,673.12	10,793.74	10,653.30	252.84M	1.38%
2019年12月9日	10,689.09	10,808.39	10,821.68	10,677.41	310.17M	-0.97%
2019年12月10日	10,696.33	10,680.40	10,696.34	10,628.81	287.58M	0.07%
2019年12月11日	10,643.13	10,713.92	10,717.87	10,604.37	267.55M	-0.50%
2019年12月12日	10,597.54	10,643.96	10,648.49	10,569.07	249.86M	-0.43%
2019年12月13日	10,755.63	10,652.63	10,756.07	10,652.63	331.98M	1.49%
2019年12月16日	10,710.72	10,763.95	10,764.99	10,649.28	286.00M	-0.42%
2019年12月17日	10,780.14	10,713.54	10,793.48	10,672.95	341.60M	0.65%
2019年12月18日	10,720.56	10,788.16	10,799.84	10,695.12	274.89M	-0.55%
2019年12月19日	10,629.16	10,707.24	10,707.81	10,595.75	232.94M	-0.85%
2019年12月20日	10,590.78	10,651.04	10,651.99	10,576.80	229.28M	-0.36%
2019年12月23日	10,534.66	10,558.46	10,633.44	10,519.85	300.86M	-0.53%
2019年12月24日	10,606.99	10,548.28	10,618.32	10,525.36	242.30M	0.69%
2019年12月25日	10,549.04	10,620.38	10,621.30	10,510.69	227.83M	-0.55%
2019年12月26日	10,567.47	10,553.13	10,568.89	10,519.91	179.80M	0.17%
2019年12月27日	10,661.63	10,589.11	10,723.59	10,589.11	298.02M	0.89%
2019年12月30日	10,814.08	10,679.91	10,842.98	10,647.34	335.79M	1.43%
2019年12月31日	10,838.50	10,826.62	10,849.65	10,764.94	287.41M	0.23%
2020年1月2日	10,863.57	10,795.83	10,918.65	10,756.46	467.81M	0.23%
2020年1月3日	10,737.13	10,866.07	10,868.08	10,674.38	429.45M	-1.16%
2020年1月6日	10,703.71	10,666.99	10,768.39	10,634.65	579.85M	-0.31%
2020年1月7日	10,876.12	10,731.18	10,876.40	10,730.76	461.27M	1.61%
2020年1月8日	10,806.84	10,845.26	10,893.40	10,781.08	381.56M	-0.64%
2020年1月9日	10,968.01	10,858.27	10,988.53	10,858.27	377.94M	1.49%
2020年1月10日	11,022.05	11,004.42	11,047.43	10,946.84	346.67M	0.49%
2020年1月13日	11,128.32	11,028.03	11,128.32	11,019.51	396.27M	0.96%
2020年1月14日	10,981.78	11,153.17	11,159.89	10,973.95	359.10M	-1.32%
2020年1月15日	11,060.62	10,982.90	11,149.84	10,980.31	320.97M	0.72%
2020年1月16日	11,089.69	11,094.44	11,095.84	11,019.14	269.80M	0.26%
2020年1月17日	11,064.86	11,110.46	11,135.48	11,034.89	273.04M	-0.22%
2020年1月20日	11,036.05	11,065.73	11,067.68	10,986.50	292.75M	-0.26%
2020年1月21日	10,820.39	10,974.30	10,974.30	10,771.05	403.55M	-1.95%
2020年1月22日	10,794.55	10,747.17	10,813.17	10,598.49	340.82M	-0.24%
2020年1月23日	10,413.80	10,737.96	10,737.96	10,340.39	434.66M	-3.53%
2020年2月3日	9,690.30	9,454.79	9,716.71	9,453.64	661.36M	-6.95%
2020年2月4日	9,938.48	9,629.65	9,941.37	9,629.65	695.19M	2.56%
2020年2月5日	10,033.87	9,984.37	10,046.01	9,895.48	581.32M	0.96%
2020年2月6日	10,254.78	10,074.11	10,287.46	10,027.37	596.80M	2.20%
2020年2月7日	10,413.30	10,226.10	10,423.99	10,164.00	489.87M	1.55%
2020年2月10日	10,471.13	10,328.44	10,489.53	10,293.75	583.79M	0.56%
2020年2月11日	10,521.21	10,449.58	10,572.67	10,428.42	472.81M	0.48%
2020年2月12日	10,583.82	10,547.13	10,604.74	10,546.51	374.39M	0.60%
2020年2月13日	10,542.18	10,646.97	10,668.52	10,520.41	647.85M	-0.39%
2020年2月14日	10,508.71	10,508.12	10,553.31	10,458.90	594.80M	-0.32%
2020年2月17日	10,699.02	10,522.47	10,700.09	10,522.47	747.90M	1.81%
2020年2月18日	10,686.26	10,666.41	10,693.57	10,608.76	680.17M	-0.12%
2020年2月19日	10,702.85	10,659.13	10,759.32	10,628.44	545.88M	0.16%
2020年2月20日	10,950.24	10,725.01	10,959.02	10,716.64	587.90M	2.31%
2020年2月21日	10,861.48	10,898.81	10,916.57	10,825.76	532.08M	-0.81%
2020年2月24日	10,729.85	10,779.58	10,789.23	10,627.58	629.25M	-1.21%
2020年2月25日	10,641.78	10,558.52	10,675.32	10,467.11	623.59M	-0.82%
2020年2月26日	10,535.41	10,513.73	10,654.29	10,494.21	605.67M	-1.00%
2020年2月27日	10,698.03	10,561.82	10,749.31	10,561.82	451.53M	1.54%
2020年2月28日	10,326.67	10,432.35	10,540.38	10,273.96	523.78M	-3.47%
2020年3月2日	10,590.63	10,367.04	10,637.39	10,367.04	490.30M	2.56%
2020年3月3日	10,731.18	10,693.13	10,777.43	10,681.58	567.00M	1.33%
2020年3月4日	10,909.87	10,692.27	10,920.93	10,670.71	718.15M	1.67%
2020年3月5日	11,229.08	10,954.63	11,274.65	10,954.63	776.06M	2.93%
2020年3月6日	11,092.41	11,103.34	11,248.84	11,070.83	544.61M	-1.22%
2020年3月9日	10,648.22	10,892.37	10,893.00	10,639.27	620.37M	-4.00%
2020年3月10日	10,924.46	10,560.24	10,942.77	10,550.87	564.81M	2.59%
2020年3月11日	10,937.80	10,938.36	11,073.57	10,906.13	532.25M	0.12%
2020年3月12日	10,709.90	10,805.52	10,805.52	10,642.62	460.24M	-2.08%
2020年3月13日	10,577.91	10,239.03	10,632.81	10,204.06	633.79M	-1.23%
2020年3月16日	10,143.18	10,507.34	10,539.73	10,103.49	607.55M	-4.11%
2020年3月17日	10,104.72	10,150.49	10,277.00	9,771.24	546.70M	-0.38%
2020年3月18日	9,962.91	10,151.53	10,335.61	9,961.97	514.17M	-1.40%
2020年3月19日	9,885.78	9,940.51	10,059.29	9,633.79	631.05M	-0.77%
2020年3月20日	10,148.39	9,937.95	10,191.65	9,937.95	513.17M	2.66%
2020年3月23日	9,953.97	9,848.12	10,052.86	9,829.93	614.53M	-1.92%
2020年3月24日	10,217.29	10,113.45	10,230.94	10,012.50	641.34M	2.65%
2020年3月25日	10,417.14	10,429.01	10,463.99	10,340.14	727.16M	1.96%
2020年3月26日	10,557.04	10,379.47	10,606.81	10,358.97	765.61M	1.34%
2020年3月27日	10,689.96	10,670.86	10,814.55	10,662.86	744.62M	1.26%
2020年3月30日	10,688.70	10,597.97	10,743.23	10,580.09	759.86M	-0.01%
2020年3月31日	11,109.61	10,774.88	11,109.94	10,753.94	813.83M	3.94%
2020年4月1日	10,908.94	11,074.16	11,074.16	10,863.00	774.93M	-1.81%
2020年4月2日	11,014.78	10,827.30	11,014.78	10,801.56	656.42M	0.97%
2020年4月3日	11,084.82	10,999.42	11,201.24	10,955.35	597.15M	0.64%
2020年4月7日	11,426.60	11,249.15	11,462.47	11,231.58	832.34M	3.08%
2020年4月8日	11,256.50	11,330.57	11,346.27	11,202.55	727.66M	-1.49%
2020年4月9日	11,344.88	11,291.65	11,372.55	11,235.14	616.24M	0.79%
2020年4月10日	11,269.09	11,334.79	11,491.99	11,230.65	567.91M	-0.67%
2020年4月13日	11,203.43	11,230.46	11,251.50	11,084.78	425.11M	-0.58%
2020年4月14日	11,411.02	11,248.98	11,411.02	11,165.29	471.87M	1.85%
2020年4月15日	11,265.66	11,437.47	11,437.47	11,237.11	460.80M	-1.27%
2020年4月16日	11,272.20	11,253.44	11,323.03	11,201.71	434.21M	0.06%
2020年4月17日	11,333.28	11,348.25	11,442.64	11,300.03	619.57M	0.54%
2020年4月20日	11,424.80	11,367.52	11,430.41	11,289.34	509.31M	0.81%
2020年4月21日	11,303.61	11,374.15	11,374.15	11,215.31	502.09M	-1.06%
2020年4月22日	11,607.71	11,263.21	11,610.99	11,259.24	672.94M	2.69%
2020年4月23日	11,658.73	11,630.54	11,787.80	11,623.93	769.70M	0.44%
2020年4月24日	11,699.55	11,687.02	11,742.46	11,587.65	591.40M	0.35%
2020年4月27日	11,762.19	11,726.68	11,794.35	11,628.83	555.72M	0.54%
2020年4月28日	12,021.29	11,783.29	12,049.68	11,652.83	754.40M	2.20%
2020年4月29日	11,750.37	11,907.20	11,927.37	11,675.50	802.43M	-2.25%
2020年4月30日	11,726.76	11,742.46	11,786.58	11,649.63	685.46M	-0.20%
2020年5月6日	11,883.58	11,604.08	11,883.58	11,604.08	633.81M	1.34%
2020年5月7日	11,994.61	11,878.92	12,057.54	11,831.86	631.98M	0.93%
2020年5月8日	12,103.33	12,013.95	12,155.07	11,937.46	593.43M	0.91%
2020年5月11日	12,012.47	12,106.05	12,216.02	11,969.75	539.00M	-0.75%
2020年5月12日	12,241.87	12,033.56	12,247.12	12,012.36	530.38M	1.91%
2020年5月13日	12,425.41	12,219.50	12,449.45	12,156.44	622.79M	1.50%
2020年5月14日	12,290.26	12,375.80	12,375.80	12,284.30	538.11M	-1.09%
2020年5月15日	12,202.86	12,336.29	12,351.73	12,132.81	582.04M	-0.71%
2020年5月18日	12,501.98	12,188.67	12,559.38	12,156.91	592.55M	2.45%
2020年5月19日	12,575.99	12,589.52	12,590.33	12,458.11	485.09M	0.59%
2020年5月20日	12,416.39	12,549.43	12,555.03	12,383.22	502.16M	-1.27%
2020年5月21日	12,436.75	12,445.74	12,558.59	12,397.35	534.90M	0.16%
2020年5月22日	12,096.29	12,367.89	12,368.73	12,048.16	509.01M	-2.74%
2020年5月25日	12,363.75	12,146.24	12,363.75	11,986.23	397.38M	2.21%
2020年5月26日	12,496.83	12,397.14	12,504.65	12,309.99	427.17M	1.08%
2020年5月27日	12,411.50	12,480.92	12,518.53	12,378.59	435.70M	-0.68%
2020年5月28日	12,398.73	12,402.79	12,477.71	12,264.08	440.00M	-0.10%
2020年5月29日	12,635.93	12,373.66	12,642.94	12,340.98	497.11M	1.91%
2020年6月1日	12,860.93	12,737.56	12,883.85	12,714.74	576.06M	1.78%
2020年6月2日	12,651.11	12,842.20	12,842.20	12,621.44	503.19M	-1.63%
2020年6月3日	12,617.57	12,671.54	12,674.64	12,582.96	419.17M	-0.27%
2020年6月4日	12,761.14	12,634.11	12,761.14	12,617.77	484.65M	1.14%
2020年6月5日	12,747.43	12,750.21	12,756.92	12,613.82	462.77M	-0.11%
2020年6月8日	12,746.35	12,783.52	12,837.82	12,684.04	631.52M	-0.01%
2020年6月9日	12,893.52	12,762.58	12,907.29	12,710.38	484.67M	1.15%
2020年6月10日	12,909.20	12,882.68	12,959.74	12,842.17	434.74M	0.12%
2020年6月11日	12,772.37	12,888.70	12,925.01	12,693.28	593.70M	-1.06%
2020年6月12日	12,855.05	12,555.40	12,883.76	12,550.53	533.15M	0.65%
2020年6月15日	12,777.00	12,793.91	12,907.84	12,751.71	789.91M	-0.61%
2020年6月16日	13,003.85	12,885.26	13,025.68	12,846.75	522.98M	1.78%
2020年6月17日	13,068.92	13,053.28	13,073.05	12,947.99	469.10M	0.50%
2020年6月18日	13,069.63	13,102.10	13,103.53	12,991.04	490.53M	0.01%
2020年6月19日	13,362.97	13,096.88	13,416.70	13,079.01	601.22M	2.24%
2020年6月22日	13,296.33	13,372.33	13,386.03	13,249.42	597.91M	-0.50%
2020年6月23日	13,618.59	13,292.05	13,623.85	13,266.30	612.53M	2.42%
2020年6月24日	13,629.72	13,641.10	13,717.26	13,553.13	521.77M	0.08%
2020年6月29日	13,742.14	13,608.62	13,742.14	13,586.25	572.26M	0.82%
2020年6月30日	13,908.89	13,802.12	13,925.41	13,770.29	540.07M	1.21%
2020年7月1日	14,169.34	13,956.86	14,210.27	13,918.99	604.58M	1.87%
2020年7月2日	14,218.75	14,236.00	14,326.41	14,126.67	714.53M	0.35%
2020年7月3日	14,147.58	14,259.79	14,259.79	13,961.23	707.89M	-0.50%
2020年7月6日	14,499.32	14,145.48	14,557.25	14,143.51	878.07M	2.49%
2020年7月7日	14,807.84	14,572.66	15,060.31	14,510.40	843.88M	2.13%
2020年7月8日	14,951.81	14,822.63	14,994.74	14,791.78	697.98M	0.97%
2020年7月9日	15,172.22	14,993.86	15,172.79	14,953.97	796.61M	1.47%
2020年7月10日	15,284.94	15,128.53	15,432.15	15,086.99	832.34M	0.74%
2020年7月13日	15,760.52	15,279.07	15,817.28	15,261.28	979.67M	3.11%
2020年7月14日	15,707.30	15,760.00	15,860.87	15,445.86	1.02B	-0.34%
2020年7月15日	16,015.30	15,726.72	16,208.67	15,699.84	964.68M	1.96%
2020年7月16日	14,811.44	15,897.35	15,897.35	14,786.82	936.99M	-7.52%
2020年7月17日	15,107.64	14,711.54	15,301.64	14,711.54	681.83M	2.00%
2020年7月20日	15,094.00	15,272.32	15,321.39	14,652.40	736.18M	-0.09%
2020年7月21日	15,454.32	15,155.26	15,599.19	15,076.31	691.81M	2.39%
2020年7月22日	15,725.32	15,311.00	15,899.37	15,261.95	788.19M	1.75%
2020年7月23日	15,940.60	15,626.51	15,977.33	15,581.78	723.67M	1.37%
2020年7月24日	15,236.60	15,821.99	15,832.19	15,115.18	811.56M	-4.42%
2020年7月27日	15,507.14	15,382.28	15,592.47	15,318.88	704.41M	1.78%
2020年7月28日	15,883.46	15,582.38	16,072.09	15,549.55	705.49M	2.43%
2020年7月29日	16,082.95	15,877.92	16,095.19	15,643.70	657.13M	1.26%
2020年7月30日	16,232.52	16,116.58	16,300.53	16,043.80	749.77M	0.93%
2020年7月31日	16,321.34	16,187.63	16,494.57	16,037.40	807.91M	0.55%
2020年8月3日	16,460.03	16,437.66	16,521.92	16,327.28	817.87M	0.85%
2020年8月4日	16,312.24	16,533.53	16,602.47	16,222.52	951.08M	-0.90%
2020年8月5日	16,433.29	16,240.32	16,464.72	16,143.04	808.04M	0.74%
2020年8月6日	16,149.99	16,423.20	16,433.73	16,023.09	745.68M	-1.72%
2020年8月7日	16,101.32	16,121.15	16,277.76	15,769.91	751.21M	-0.30%
2020年8月10日	16,151.24	16,109.94	16,254.44	15,925.49	690.57M	0.31%
2020年8月11日	16,076.60	16,224.71	16,451.40	16,049.58	686.31M	-0.46%
2020年8月12日	15,799.85	16,043.94	16,045.82	15,504.84	682.85M	-1.72%
2020年8月13日	15,862.07	15,870.40	15,970.16	15,762.91	676.74M	0.39%
2020年8月14日	16,074.19	15,885.01	16,088.72	15,809.67	617.57M	1.34%
2020年8月17日	16,233.35	16,136.36	16,263.13	16,104.35	675.09M	0.99%
2020年8月18日	16,526.71	16,203.40	16,632.82	16,149.66	773.18M	1.81%
2020年8月19日	16,478.71	16,479.32	16,735.80	16,398.92	745.25M	-0.29%
2020年8月20日	16,264.61	16,404.78	16,453.92	16,163.54	657.18M	-1.30%
2020年8月21日	16,610.11	16,400.74	16,712.86	16,387.92	566.78M	2.12%
2020年8月24日	16,730.47	16,671.72	16,827.32	16,556.04	625.15M	0.72%
2020年8月25日	16,824.25	16,699.81	16,939.65	16,696.05	658.15M	0.56%
2020年8月26日	16,820.92	16,800.82	17,005.42	16,675.95	684.20M	-0.02%
2020年8月27日	17,236.13	16,868.41	17,243.99	16,846.79	592.66M	2.47%
2020年8月28日	17,652.70	17,293.79	17,726.74	17,227.29	758.58M	2.42%
2020年8月31日	17,923.59	17,826.33	18,159.70	17,766.42	805.44M	1.53%
2020年9月1日	17,956.42	17,864.79	17,956.42	17,663.71	603.88M	0.18%
2020年9月2日	18,166.67	18,082.87	18,210.32	17,914.65	717.94M	1.17%
2020年9月3日	17,837.76	18,162.04	18,455.68	17,732.13	673.32M	-1.81%
2020年9月4日	17,251.72	17,362.58	17,372.63	17,072.98	580.76M	-3.29%
2020年9月7日	16,643.81	17,199.79	17,320.61	16,527.88	607.07M	-3.52%
2020年9月8日	16,656.15	16,671.68	16,766.24	16,363.16	524.49M	0.07%
2020年9月9日	16,089.67	16,386.85	16,400.83	15,937.84	544.26M	-3.40%
2020年9月10日	16,161.11	16,312.43	16,496.86	16,117.80	481.24M	0.44%
2020年9月11日	16,476.08	16,135.41	16,500.68	16,096.87	436.82M	1.95%
2020年9月14日	16,537.89	16,692.34	16,704.30	16,452.71	547.51M	0.38%
2020年9月15日	16,727.74	16,542.68	16,745.88	16,464.49	479.86M	1.15%
2020年9月16日	16,519.40	16,742.08	16,817.39	16,440.03	432.45M	-1.25%
2020年9月17日	16,258.11	16,410.97	16,411.42	16,060.60	509.08M	-1.58%
2020年9月18日	16,441.33	16,209.63	16,441.54	16,064.80	450.85M	1.13%
2020年9月21日	16,237.89	16,380.98	16,408.91	16,195.76	418.21M	-1.24%
2020年9月22日	16,157.86	16,124.79	16,379.44	16,102.73	345.13M	-0.49%
2020年9月23日	16,303.20	16,135.79	16,351.32	15,999.55	355.72M	0.90%
2020年9月24日	15,998.13	16,206.46	16,297.78	15,982.35	447.27M	-1.87%
2020年9月25日	16,081.48	16,074.51	16,193.82	16,041.78	306.63M	0.52%
2020年9月28日	16,140.94	16,182.10	16,315.90	16,104.38	382.34M	0.37%
2020年9月29日	16,244.37	16,264.34	16,313.27	16,086.49	325.15M	0.64%
2020年9月30日	16,354.65	16,302.73	16,602.57	16,257.43	340.10M	0.68%
2020年10月9日	16,751.84	16,700.98	16,854.55	16,562.11	496.48M	2.43%
2020年10月12日	17,349.22	16,872.89	17,351.89	16,807.54	536.16M	3.57%
2020年10月13日	17,402.31	17,335.02	17,441.07	17,275.25	382.31M	0.31%
2020年10月14日	17,399.68	17,369.58	17,592.36	17,341.16	412.30M	-0.02%
2020年10月15日	17,247.42	17,437.13	17,444.53	17,204.23	376.95M	-0.88%
2020年10月16日	17,074.06	17,292.49	17,354.82	16,987.16	313.29M	-1.01%
2020年10月19日	16,699.15	17,133.46	17,174.17	16,664.93	427.89M	-2.20%
2020年10月20日	17,191.05	16,739.29	17,191.05	16,706.76	375.77M	2.95%
2020年10月21日	17,174.77	17,272.18	17,279.32	17,043.32	326.83M	-0.09%
2020年10月22日	17,177.80	17,187.16	17,199.80	16,872.88	324.66M	0.02%
2020年10月23日	16,744.14	17,105.59	17,175.59	16,702.00	357.49M	-2.52%
2020年10月26日	16,628.67	16,421.07	16,681.17	16,238.33	369.90M	-0.69%
2020年10月27日	16,767.97	16,612.02	16,820.61	16,592.32	325.98M	0.84%
2020年10月28日	17,153.48	16,799.32	17,251.85	16,743.46	405.23M	2.30%
2020年10月29日	17,354.86	17,006.43	17,464.04	16,954.63	444.78M	1.17%
2020年10月30日	16,696.82	17,204.79	17,219.71	16,654.58	552.84M	-3.79%
2020年11月2日	16,691.21	16,638.76	16,830.06	16,627.27	632.82M	-0.03%
2020年11月3日	16,845.54	16,761.47	16,892.00	16,689.90	492.33M	0.92%
2020年11月4日	16,869.27	16,858.05	16,901.03	16,693.79	461.35M	0.14%
2020年11月5日	17,221.06	17,040.37	17,221.29	17,016.15	546.82M	2.09%
2020年11月6日	16,990.79	17,301.31	17,301.31	16,811.38	469.41M	-1.34%
2020年11月9日	17,196.56	17,072.93	17,241.82	16,995.86	592.41M	1.21%
2020年11月10日	17,334.63	17,208.21	17,462.88	17,001.34	520.24M	0.80%
2020年11月11日	17,303.75	17,317.26	17,712.58	17,269.64	484.31M	-0.18%
2020年11月12日	17,363.82	17,337.93	17,451.54	17,197.60	415.38M	0.35%
2020年11月13日	16,920.82	17,244.68	17,245.58	16,776.18	453.04M	-2.55%
2020年11月16日	17,161.78	16,943.28	17,162.09	16,846.89	468.00M	1.42%
2020年11月17日	16,909.99	17,140.42	17,140.42	16,822.37	578.99M	-1.47%
2020年11月18日	16,814.10	16,893.31	16,970.46	16,709.86	441.38M	-0.57%
2020年11月19日	17,051.39	16,749.46	17,093.73	16,601.99	439.28M	1.41%
2020年11月20日	17,278.38	17,042.67	17,351.48	17,011.51	412.28M	1.33%
2020年11月23日	17,361.85	17,367.05	17,542.16	17,292.97	479.29M	0.48%
2020年11月24日	17,196.44	17,312.57	17,312.57	17,045.74	399.45M	-0.95%
2020年11月25日	16,732.12	17,216.97	17,216.97	16,723.88	434.63M	-2.70%
2020年11月26日	16,773.64	16,688.90	16,832.85	16,522.19	405.74M	0.25%
2020年11月27日	16,847.88	16,773.03	16,876.03	16,613.67	356.61M	0.44%
2020年11月30日	16,596.90	16,867.96	16,867.96	16,574.81	485.49M	-1.49%
2020年12月1日	16,967.99	16,624.63	16,987.75	16,610.32	423.89M	2.24%
2020年12月2日	16,927.05	17,023.89	17,100.00	16,784.36	468.01M	-0.24%
2020年12月3日	17,146.10	16,931.55	17,163.83	16,875.29	412.91M	1.29%
2020年12月4日	17,630.33	17,179.31	17,663.20	17,169.78	502.11M	2.82%
2020年12月7日	17,743.49	17,681.02	17,839.62	17,591.03	477.87M	0.64%
2020年12月8日	17,862.72	17,737.56	17,944.08	17,654.79	430.88M	0.67%
2020年12月9日	17,750.83	17,902.42	17,968.67	17,746.52	507.41M	-0.63%
2020年12月10日	17,938.69	17,687.15	18,064.97	17,660.32	5.79K	1.06%
2020年12月11日	17,852.79	17,973.23	18,041.58	17,754.09	628.13M	-0.48%
2020年12月14日	18,321.44	17,992.08	18,348.18	17,940.84	634.08M	2.63%
2020年12月15日	18,350.75	18,351.07	18,396.69	18,118.52	498.43M	0.16%
2020年12月16日	18,587.03	18,355.23	18,666.68	18,343.75	520.84M	1.29%
2020年12月17日	18,766.27	18,606.28	18,836.51	18,600.98	538.93M	0.96%
2020年12月18日	18,544.44	18,521.34	18,778.42	18,307.54	533.73M	-1.18%
2020年12月21日	18,697.94	18,577.22	18,791.37	18,437.21	651.81M	0.83%
2020年12月22日	18,663.52	18,675.28	18,973.43	18,633.08	673.79M	-0.18%
2020年12月23日	18,868.60	18,791.15	19,144.26	18,556.29	702.31M	1.10%
2020年12月24日	18,557.48	18,723.05	18,807.10	18,513.16	554.94M	-1.65%
2020年12月25日	18,771.58	18,457.71	18,787.14	18,446.56	455.16M	1.15%
2020年12月28日	19,117.70	18,811.06	19,154.78	18,811.06	590.28M	1.84%
2020年12月29日	18,914.67	19,134.21	19,219.79	18,855.99	557.21M	-1.06%
2020年12月30日	19,371.07	18,892.16	19,371.07	18,888.72	475.18M	2.41%
2020年12月31日	19,686.51	19,366.35	19,704.96	19,366.35	577.67M	1.63%
2021年1月4日	20,198.48	19,709.02	20,364.80	19,648.15	697.74M	2.60%
2021年1月5日	21,017.58	20,205.05	21,033.61	20,161.29	806.86M	4.06%
2021年1月6日	21,232.82	21,157.46	21,377.48	20,837.29	846.20M	1.02%
2021年1月7日	21,684.69	21,264.33	21,684.69	20,952.21	764.90M	2.13%
2021年1月8日	21,178.03	21,678.96	21,886.87	20,996.39	799.68M	-2.34%
2021年1月11日	20,693.11	21,112.59	21,253.02	20,539.16	707.45M	-2.29%
2021年1月12日	21,177.15	20,575.34	21,186.50	20,567.91	607.76M	2.34%
2021年1月13日	20,996.63	21,299.77	21,344.42	20,750.02	684.07M	-0.85%
2021年1月14日	20,630.36	20,890.60	20,933.73	20,345.35	639.37M	-1.74%
2021年1月15日	20,205.93	20,472.69	20,488.25	19,781.53	615.62M	-2.06%
2021年1月18日	20,223.04	20,092.44	20,299.25	19,811.23	550.95M	0.08%
2021年1月19日	19,742.11	20,314.94	20,429.04	19,655.61	553.17M	-2.38%
2021年1月20日	19,895.42	19,663.21	19,948.91	19,409.92	481.92M	0.78%
2021年1月21日	20,384.89	19,969.11	20,519.21	19,963.70	637.98M	2.46%
2021年1月22日	20,527.57	20,390.07	20,656.07	20,296.85	659.60M	0.70%
2021年1月25日	21,144.59	20,594.74	21,212.83	20,582.39	749.82M	3.01%
2021年1月26日	20,736.47	21,165.49	21,166.92	20,718.46	568.54M	-1.93%
2021年1月27日	20,692.79	20,657.71	20,716.58	20,160.25	589.12M	-0.21%
2021年1月28日	20,347.23	20,534.65	20,719.83	20,248.11	602.93M	-1.67%
2021年1月29日	20,302.30	20,416.95	20,644.22	20,045.73	627.45M	-0.22%
2021年2月1日	20,224.25	20,241.44	20,518.90	20,091.44	485.20M	-0.38%
2021年2月2日	20,874.34	20,329.51	20,924.20	20,204.42	670.48M	3.21%
2021年2月3日	20,785.90	20,884.93	20,980.32	20,612.54	600.84M	-0.42%
2021年2月4日	20,845.21	20,643.99	21,096.14	20,633.86	536.67M	0.29%
2021年2月5日	20,936.86	20,985.33	21,331.15	20,719.25	538.67M	0.44%
2021年2月8日	21,226.28	21,013.73	21,241.49	20,683.94	521.80M	1.38%
2021年2月9日	21,947.15	21,253.38	21,952.27	21,181.63	525.95M	3.40%
2021年2月10日	22,638.14	22,087.15	22,721.04	22,086.50	565.09M	3.15%
2021年2月18日	22,038.08	22,888.28	23,032.06	21,860.23	706.91M	-2.65%
2021年2月19日	21,872.94	21,894.07	22,050.41	21,198.70	723.83M	-0.75%
2021年2月22日	20,819.57	21,832.59	21,832.59	20,788.31	741.69M	-4.82%
2021年2月23日	20,635.55	20,474.78	20,997.84	20,458.48	513.48M	-0.88%
2021年2月24日	19,844.73	20,648.69	20,661.16	19,582.27	573.10M	-3.83%
2021年2月25日	19,584.49	20,003.89	20,029.68	19,414.70	447.87M	-1.31%
2021年2月26日	19,094.72	19,055.01	19,367.31	18,774.28	476.19M	-2.50%
2021年3月1日	19,176.47	19,310.65	19,403.42	19,016.95	449.76M	0.43%
2021年3月2日	18,802.30	19,347.23	19,417.77	18,599.66	451.44M	-1.95%
2021年3月3日	18,949.04	18,686.10	18,961.18	18,555.17	585.31M	0.78%
2021年3月4日	18,020.93	18,649.78	18,649.78	17,931.85	549.14M	-4.90%
2021年3月5日	18,130.60	17,672.96	18,346.13	17,506.62	480.25M	0.61%
2021年3月8日	17,151.24	18,244.09	18,304.49	17,140.77	643.48M	-5.40%
2021年3月9日	16,578.81	17,036.65	17,159.19	16,536.61	603.36M	-3.34%
2021年3月10日	16,887.11	16,971.55	17,147.81	16,837.04	501.64M	1.86%
2021年3月11日	17,409.81	16,948.52	17,635.43	16,869.67	463.42M	3.10%
2021年3月12日	17,340.68	17,532.72	17,545.49	17,060.08	441.90M	-0.40%